15089023    0
15089024    1
15089025    2
15089026    3
15089027    4
15089051    5
15089052    6
15089053    7
15090002    8
15090003    9
15090004    10
15090005    11
15090006    12
15090007    13
15090020    14
15090022    15
15090038    16
15090039    17
15090047    18
15090048    19
15090049    20
15090050    21
15091006    22
15091007    23
15091024    24
15091025    25
15091026    26
15091027    27
15091028    28
15091029    29
15092004    30
15092005    31
15092007    32
15092008    33
15092009    34
15092011    35
15092012    36
15092013    37
15092077    38
15092078    39
15092079    40
15093001    41
15093002    42
15093003    43
15093004    44
15093005    45
15093006    46
15093007    47
15093008    48
15093031    49
15093034    50
15093035    51
15093036    52
15093037    53
15093038    54
15093039    55
15093040    56
15093041    57
15093061    58
15093062    59
15093063    60
15093064    61
15094001    62
15094002    63
15094007    64
15094008    65
15094009    66
15094056    67
15094057    68
15094058    69
15094059    70
15094060    71
15094064    72
15094065    73
15094066    74
15094069    75
15094070    76
15094071    77
15094073    78
15095008    79
15095009    80
15095010    81
15095011    82
15095012    83
15095013    84
15095014    85
15095016    86
15095017    87
15095018    88
15095019    89
15095020    90
15095021    91
15095022    92
15095023    93
15095024    94
15095025    95
15095026    96
15095027    97
15095028    98
15095035    99
15095036    100
15095037    101
15095038    102
15095039    103
15095040    104
15095041    105
15095042    106
15095045    107
15095046    108
15095047    109
15095048    110
15095049    111
15095050    112
15095051    113
15095052    114
15096012    115
15096013    116
15096014    117
15096015    118
15096016    119
15096017    120
15096018    121
15096019    122
15096020    123
15096021    124
15096022    125
15096023    126
15096024    127
15096025    128
15096026    129
15096027    130
15096028    131
15096029    132
15096030    133
15096031    134
15096032    135
15096050    136
15096052    137
15096053    138
15096054    139
15096055    140
15096056    141
15096057    142
15096058    143
15096059    144
15097005    145
15097006    146
15097007    147
15097008    148
15097009    149
15097010    150
15097011    151
15097012    152
15097013    153
15097016    154
15097018    155
15097019    156
15097020    157
15097021    158
15097022    159
15097023    160
15097024    161
15097025    162
15097026    163
15097027    164
15097028    165
15097029    166
15097030    167
15097032    168
15097034    169
15097039    170
15097040    171
15097041    172
15097042    173
15097043    174
15097044    175
15097046    176
15097049    177
15097050    178
15097051    179
15097054    180
15097055    181
15097056    182
15097057    183
15097059    184
15097061    185
15097062    186
15097063    187
15097064    188
15097065    189
15098001    190
15098002    191
15098003    192
15098005    193
15098007    194
15098008    195
15098010    196
15098011    197
15098012    198
15098013    199
15098014    200
15098015    201
15098016    202
15098017    203
15098018    204
15098019    205
15098020    206
15098021    207
15098022    208
15098024    209
15098028    210
15098029    211
15098035    212
15098036    213
15098037    214
15098038    215
15098039    216
15098040    217
15098041    218
15098042    219
15098067    220
15098068    221
15098069    222
15098070    223
15098071    224
15098072    225
15098073    226
15098074    227
15098075    228
15098076    229
15098077    230
15099001    231
15099002    232
15100009    233
15100010    234
15100011    235
15100024    236
15100025    237
15100026    238
15100027    239
15100028    240
15100029    241
15100030    242
15100031    243
15100032    244
15100033    245
15100035    246
15100036    247
15100037    248
15100038    249
15100039    250
15100040    251
15100100    252
15100101    253
15100102    254
15100103    255
15100124    256
15101001    257
15101002    258
15101003    259
15101004    260
15101005    261
15101006    262
15101007    263
15101008    264
15101009    265
15101010    266
15101011    267
15101012    268
15101013    269
15101014    270
15101015    271
15101016    272
15101017    273
15101018    274
15101019    275
15101020    276
15101021    277
15101022    278
15101023    279
15101040    280
15101041    281
15101042    282
15101043    283
15101044    284
15101045    285
15101046    286
15101047    287
15101048    288
15101049    289
15101050    290
15101051    291
15102006    292
15102007    293
15102008    294
15102009    295
15102010    296
15102011    297
15102012    298
15102013    299
15102014    300
15102015    301
15102016    302
15102017    303
15102018    304
15102019    305
15102020    306
15102021    307
15102022    308
15102023    309
15102024    310
15102026    311
15102032    312
15102033    313
15102034    314
15102035    315
15102036    316
15102037    317
15102038    318
15102039    319
15102040    320
15102041    321
15102042    322
15102043    323
15102044    324
15102046    325
15102047    326
15102050    327
15102053    328
15102056    329
15102057    330
15102058    331
15102059    332
15102060    333
15102068    334
15103010    335
15103011    336
15103013    337
15103014    338
15103015    339
15103016    340
15103017    341
15103018    342
15103019    343
15103020    344
15103021    345
15103022    346
15103023    347
15103024    348
15103025    349
15103026    350
15103027    351
15103028    352
15103029    353
15103030    354
15103031    355
15103042    356
15103043    357
15103045    358
15103046    359
15103049    360
15103050    361
15103051    362
15103052    363
15103053    364
15103054    365
15103055    366
15103056    367
15103057    368
15103058    369
15103059    370
15103060    371
15103062    372
15104002    373
15104003    374
15104004    375
15104006    376
15104007    377
15104008    378
15104010    379
15104011    380
15104012    381
15104013    382
15104014    383
15104015    384
15104016    385
15104017    386
15104018    387
15104019    388
15104020    389
15104021    390
15104022    391
15104023    392
15104024    393
15104037    394
15104039    395
15104040    396
15104042    397
15104043    398
15104044    399
15104052    400
15104053    401
15104054    402
15104055    403
15104056    404
15104057    405
15104058    406
15104059    407
15104060    408
15104062    409
15104063    410
15104064    411
15104065    412
15104066    413
15104067    414
15104068    415
15104069    416
15104070    417
15105001    418
15105002    419
15105003    420
15105004    421
15105005    422
15105006    423
15105008    424
15105010    425
15105012    426
15105013    427
15105015    428
15105016    429
15105017    430
15105018    431
15105019    432
15105020    433
15105021    434
15105023    435
15105024    436
15105025    437
15105026    438
15105028    439
15105029    440
15105030    441
15105031    442
15105032    443
15105033    444
15105054    445
15105055    446
15105056    447
15105057    448
15105058    449
15105061    450
15105062    451
15105063    452
15105064    453
15105065    454
15105067    455
15105068    456
15105070    457
15105071    458
15105072    459
15105073    460
15106001    461
15106002    462
15106005    463
15106008    464
15106009    465
15106010    466
15106011    467
15106131    468
15106132    469
15106133    470
15106134    471
15106135    472
15106136    473
15107001    474
15107002    475
15107003    476
15107004    477
15107005    478
15107006    479
15107008    480
15107009    481
15107010    482
15107011    483
15107013    484
15107014    485
15107015    486
15107063    487
15107064    488
15107065    489
15107073    490
15107074    491
15107075    492
15107076    493
15107077    494
15107078    495
15107079    496
15107080    497
15107081    498
15107082    499
15107083    500
15107084    501
15107085    502
15107086    503
15107087    504
15107088    505
15107089    506
15107090    507
15108001    508
15108003    509
15108004    510
15108005    511
15108007    512
15108008    513
15108009    514
15108010    515
15108011    516
15108012    517
15108013    518
15108014    519
15108015    520
15108016    521
15108017    522
15108018    523
15108019    524
15108020    525
15108021    526
15108022    527
15108023    528
15108024    529
15108025    530
15108027    531
15108028    532
15108056    533
15108057    534
15108058    535
15108059    536
15108063    537
15108069    538
15108072    539
15108073    540
15108074    541
15108075    542
15108076    543
15108077    544
15108078    545
15108079    546
15108080    547
15109001    548
15109002    549
15109004    550
15109005    551
15109006    552
15109007    553
15109008    554
15109009    555
15109010    556
15109011    557
15109012    558
15109013    559
15109019    560
15109020    561
15109021    562
15109024    563
15109025    564
15109026    565
15109027    566
15109028    567
15109029    568
15109030    569
15109031    570
15109032    571
15109035    572
15109036    573
15109037    574
15109038    575
15109039    576
15109040    577
15109041    578
15109042    579
15109043    580
15109045    581
15109046    582
15109051    583
15109052    584
15109054    585
15109055    586
15109056    587
15109057    588
15109058    589
15109059    590
15109060    591
15109061    592
15109062    593
15109063    594
15109065    595
15110001    596
15110002    597
15110003    598
15110004    599
15110005    600
15110008    601
15110009    602
15110010    603
15110011    604
15110012    605
15110013    606
15110015    607
15110016    608
15110017    609
15110019    610
15110020    611
15110021    612
15110022    613
15110023    614
15110024    615
15110025    616
15110026    617
15110027    618
15110028    619
15110029    620
15110030    621
15110031    622
15110032    623
15110033    624
15110034    625
15110035    626
15110038    627
15110039    628
15110040    629
15110041    630
15110042    631
15110043    632
15110045    633
15110046    634
15110047    635
15110048    636
15110049    637
15110050    638
15110051    639
15110052    640
15110053    641
15110058    642
15111001    643
15111002    644
15111003    645
15111004    646
15111005    647
15111006    648
15111007    649
15111008    650
15111009    651
15111010    652
15111011    653
15111012    654
15111013    655
15111014    656
15111015    657
15111016    658
15111050    659
15111051    660
15111052    661
15111053    662
15111065    663
15111066    664
15111067    665
15111068    666
15112001    667
15112003    668
15112004    669
15112005    670
15112006    671
15112007    672
15112009    673
15112010    674
15112011    675
15112012    676
15112013    677
15112014    678
15112019    679
15112020    680
15112021    681
15112022    682
15112023    683
15112024    684
15112025    685
15112026    686
15112027    687
15112028    688
15112029    689
15112030    690
15112031    691
15112033    692
15112034    693
15112035    694
15112036    695
15112037    696
15112038    697
15112039    698
15112040    699
15112041    700
15112042    701
15112043    702
15112044    703
15112045    704
15112046    705
15112047    706
15112048    707
15112049    708
15112050    709
15112051    710
15113001    711
15113004    712
15113005    713
15113006    714
15113009    715
15113010    716
15113011    717
15113012    718
15113103    719
15113104    720
15114001    721
15114002    722
15114003    723
15114010    724
15114011    725
15114012    726
15114013    727
15114016    728
15114017    729
15114018    730
15114019    731
15114020    732
15114021    733
15114022    734
15114023    735
15114024    736
15114025    737
15114026    738
15114027    739
15114028    740
15114034    741
15114035    742
15114036    743
15114037    744
15114038    745
15114039    746
15114040    747
15114041    748
15114042    749
15114043    750
15114044    751
15114045    752
15114046    753
15114047    754
15114048    755
15114050    756
15114051    757
15114052    758
15114053    759
15114054    760
15114055    761
15114056    762
15114057    763
15114058    764
15115012    765
15115013    766
15115014    767
15115067    768
15115068    769
15115069    770
15115070    771
15115071    772
15115072    773
15115073    774
15115074    775
15115075    776
15115076    777
15115077    778
15115078    779
15115079    780
15115080    781
15115082    782
15115083    783
15115084    784
15115085    785
15115086    786
15115087    787
15115088    788
15116002    789
15116003    790
15116004    791
15116005    792
15116015    793
15116016    794
15116017    795
15116018    796
15116019    797
15116020    798
15116021    799
15116026    800
15116029    801
15116032    802
15116033    803
15116034    804
15116035    805
15116036    806
15116037    807
15116039    808
15116040    809
15116041    810
15116042    811
15116047    812
15116048    813
15116049    814
15116050    815
15116051    816
15116052    817
15116054    818
15116055    819
15116056    820
15116057    821
15116058    822
15116059    823
15116060    824
15116061    825
15116062    826
15116068    827
15117002    828
15117003    829
15117004    830
15117005    831
15117050    832
15117051    833
15117052    834
15117053    835
15117054    836
15117055    837
15117056    838
15117057    839
15117058    840
15117059    841
15117060    842
15117061    843
15117062    844
15117063    845
15117064    846
15117065    847
15117066    848
15117067    849
15117068    850
15117069    851
15117070    852
15118003    853
15118004    854
15118005    855
15118006    856
15118007    857
15118008    858
15118009    859
15118011    860
15118013    861
15118014    862
15118015    863
15118016    864
15118017    865
15118018    866
15118019    867
15118020    868
15118021    869
15118022    870
15118023    871
15118024    872
15118052    873
15118053    874
15118054    875
15118055    876
15118056    877
15118057    878
15118058    879
15118059    880
15118060    881
15118063    882
15118064    883
15118065    884
15118066    885
15119008    886
15119009    887
15119011    888
15119012    889
15119013    890
15119014    891
15119015    892
15119018    893
15119019    894
15119020    895
15119021    896
15119022    897
15119023    898
15119024    899
15119025    900
15119026    901
15119027    902
15119028    903
15119029    904
15119031    905
15119034    906
15119035    907
15119036    908
15119042    909
15119043    910
15119045    911
15119046    912
15119049    913
15119051    914
15119052    915
15119053    916
15119054    917
15119055    918
15119056    919
15119057    920
15119058    921
15119059    922
15119061    923
15119063    924
15119064    925
15119065    926
15120001    927
15120002    928
15120004    929
15120005    930
15120006    931
15120007    932
15120008    933
15120009    934
15120011    935
15120105    936
15120106    937
15120108    938
15120109    939
15120115    940
15120117    941
15121001    942
15121002    943
15121003    944
15121004    945
15121005    946
15121006    947
15121007    948
15121008    949
15121009    950
15121012    951
15121013    952
15121015    953
15121016    954
15121017    955
15121018    956
15121060    957
15121061    958
15121062    959
15121063    960
15121065    961
15121066    962
15121067    963
15121068    964
15121070    965
15121071    966
15121072    967
15121076    968
15121077    969
15121078    970
15122003    971
15122004    972
15122006    973
15122008    974
15122010    975
15122011    976
15122017    977
15122018    978
15122019    979
15122020    980
15122023    981
15122026    982
15122027    983
15122030    984
15122031    985
15122034    986
15122039    987
15122041    988
15122042    989
15122043    990
15122044    991
15122045    992
15122046    993
15122047    994
15122048    995
15122049    996
15122056    997
15122057    998
15122058    999
15122059    1000
15122060    1001
15122061    1002
15122062    1003
15122063    1004
15122064    1005
15122065    1006
15123001    1007
15123002    1008
15123003    1009
15123006    1010
15123009    1011
15123010    1012
15123011    1013
15123013    1014
15123014    1015
15123015    1016
15123016    1017
15123017    1018
15123018    1019
15123019    1020
15123020    1021
15123021    1022
15123022    1023
15123023    1024
15123024    1025
15123025    1026
15123026    1027
15123027    1028
15123028    1029
15123034    1030
15123035    1031
15123036    1032
15123037    1033
15123044    1034
15123045    1035
15123047    1036
15123048    1037
15123049    1038
15123050    1039
15123051    1040
15123053    1041
15123054    1042
15124001    1043
15124002    1044
15124003    1045
15124004    1046
15124006    1047
15124008    1048
15124010    1049
15124021    1050
15124022    1051
15124023    1052
15124025    1053
15124026    1054
15124027    1055
15124028    1056
15124031    1057
15124032    1058
15124033    1059
15124034    1060
15124035    1061
15124040    1062
15124041    1063
15124042    1064
15124043    1065
15124044    1066
15124049    1067
15124050    1068
15124052    1069
15124053    1070
15124054    1071
15124055    1072
15124056    1073
15124057    1074
15124058    1075
15124060    1076
15124061    1077
15124062    1078
15124063    1079
15125001    1080
15125002    1081
15125003    1082
15125007    1083
15125060    1084
15125061    1085
15125062    1086
15125064    1087
15125065    1088
15125067    1089
15125070    1090
15125071    1091
15125072    1092
15125073    1093
15125074    1094
15125075    1095
15126002    1096
15126004    1097
15126006    1098
15126008    1099
15126009    1100
15126010    1101
15126011    1102
15126012    1103
15126013    1104
15126015    1105
15126016    1106
15126017    1107
15126018    1108
15126019    1109
15126021    1110
15126022    1111
15126023    1112
15126036    1113
15126037    1114
15126038    1115
15126039    1116
15126040    1117
15126044    1118
15126045    1119
15126046    1120
15126047    1121
15126048    1122
15126049    1123
15126050    1124
15126051    1125
15126052    1126
15126053    1127
15126054    1128
15126060    1129
15126061    1130
15127001    1131
15127002    1132
15127003    1133
15127004    1134
15127005    1135
15127006    1136
15127007    1137
15127009    1138
15127010    1139
15127011    1140
15127012    1141
15127013    1142
15128015    1143
15128016    1144
15128017    1145
15128018    1146
15128019    1147
15128020    1148
15128021    1149
15128022    1150
15128024    1151
15128025    1152
15128026    1153
15128027    1154
15128028    1155
15128029    1156
15128030    1157
15128031    1158
15128032    1159
15128033    1160
15128048    1161
15128049    1162
15128050    1163
15128051    1164
15128052    1165
15129001    1166
15129002    1167
15129003    1168
15129004    1169
15129006    1170
15129007    1171
15129009    1172
15129010    1173
15129011    1174
15129012    1175
15129013    1176
15129014    1177
15129015    1178
15129016    1179
15129017    1180
15129018    1181
15129022    1182
15129045    1183
15129046    1184
15129047    1185
15129048    1186
15129049    1187
15129050    1188
15129051    1189
15129052    1190
15130001    1191
15130002    1192
15130003    1193
15130004    1194
15130005    1195
15130006    1196
15130007    1197
15130008    1198
15130009    1199
15130011    1200
15130013    1201
15130014    1202
15130015    1203
15130016    1204
15130031    1205
15130032    1206
15130033    1207
15130034    1208
15130035    1209
15130036    1210
15130037    1211
15130038    1212
15130040    1213
15130041    1214
15130042    1215
15130043    1216
15130044    1217
15130045    1218
15130046    1219
15130047    1220
15130048    1221
15130054    1222
15130055    1223
15130056    1224
15131001    1225
15131002    1226
15131003    1227
15131004    1228
15131005    1229
15131006    1230
15131007    1231
15131008    1232
15131009    1233
15131010    1234
15131011    1235
15131012    1236
15131013    1237
15131014    1238
15131030    1239
15131031    1240
15131033    1241
15131034    1242
15131035    1243
15131036    1244
15131037    1245
15131039    1246
15131040    1247
15131041    1248
15131042    1249
15131043    1250
15131044    1251
15131045    1252
15131046    1253
15131047    1254
15131048    1255
15131049    1256
15131050    1257
15131051    1258
15131052    1259
15131053    1260
15132002    1261
15132003    1262
15132004    1263
15132005    1264
15132006    1265
15132007    1266
15132008    1267
15132009    1268
15132010    1269
15132011    1270
15132012    1271
15132014    1272
15132015    1273
15132016    1274
15132017    1275
15132018    1276
15132019    1277
15132022    1278
15132023    1279
15132024    1280
15132025    1281
15132026    1282
15132028    1283
15132029    1284
15132030    1285
15132031    1286
15132032    1287
15132033    1288
15132034    1289
15132035    1290
15132036    1291
15132037    1292
15132038    1293
15133002    1294
15133004    1295
15133005    1296
15133006    1297
15133008    1298
15133009    1299
15133010    1300
15133011    1301
15133012    1302
15133013    1303
15133014    1304
15133017    1305
15133018    1306
15133019    1307
15133020    1308
15133021    1309
15133031    1310
15133032    1311
15133033    1312
15133034    1313
15133035    1314
15133036    1315
15133037    1316
15133038    1317
15133039    1318
15133040    1319
15133041    1320
15133042    1321
15133043    1322
15133044    1323
15133045    1324
15133047    1325
15133049    1326
15133050    1327
15133051    1328
15133053    1329
15133054    1330
15133055    1331
15133056    1332
15134001    1333
15134002    1334
15134003    1335
15134004    1336
15134006    1337
15134007    1338
15134008    1339
15134009    1340
15134010    1341
15134050    1342
15134051    1343
15134053    1344
15134055    1345
15134056    1346
15134057    1347
15134058    1348
15134060    1349
15134062    1350
15134063    1351
15135004    1352
15135005    1353
15135006    1354
15135007    1355
15135008    1356
15135009    1357
15135010    1358
15135011    1359
15135012    1360
15135013    1361
15135014    1362
15135015    1363
15135016    1364
15135062    1365
15135063    1366
15135064    1367
15135065    1368
15136001    1369
15136002    1370
15136003    1371
15136004    1372
15136005    1373
15136006    1374
15136007    1375
15136008    1376
15136009    1377
15136011    1378
15136012    1379
15136013    1380
15136014    1381
15136015    1382
15136016    1383
15136017    1384
15136033    1385
15136034    1386
15136035    1387
15136036    1388
15136037    1389
15136038    1390
15136039    1391
15136040    1392
15136041    1393
15136042    1394
15137025    1395
15137026    1396
15137027    1397
15137028    1398
15137029    1399
15137030    1400
15137032    1401
15137033    1402
15137034    1403
15137035    1404
15137036    1405
15137037    1406
15137038    1407
15137050    1408
15137051    1409
15137052    1410
15137053    1411
15138035    1412
15138056    1413
15138057    1414
15138058    1415
15138059    1416
15138060    1417
15138061    1418
15138062    1419
15138063    1420
15138064    1421
15138065    1422
15138066    1423
15138067    1424
15138068    1425
15138069    1426
15138070    1427
15138071    1428
15138074    1429
15138075    1430
15139003    1431
15139008    1432
15139009    1433
15139010    1434
15139012    1435
15139013    1436
15139015    1437
15139016    1438
15139017    1439
15139018    1440
15139020    1441
15139021    1442
15139022    1443
15139023    1444
15139024    1445
15139025    1446
15139026    1447
15139037    1448
15139038    1449
15139039    1450
15139040    1451
15139041    1452
15139042    1453
15139043    1454
15139044    1455
15139045    1456
15139046    1457
15139047    1458
15139050    1459
15139051    1460
15139052    1461
15140002    1462
15140003    1463
15140004    1464
15140005    1465
15140006    1466
15140007    1467
15140011    1468
15140012    1469
15140013    1470
15140014    1471
15140015    1472
15140017    1473
15140018    1474
15140019    1475
15140020    1476
15140021    1477
15140022    1478
15140023    1479
15140025    1480
15140026    1481
15140027    1482
15140028    1483
15140029    1484
15140030    1485
15140031    1486
15140032    1487
15140034    1488
15140035    1489
15140036    1490
15140037    1491
15140045    1492
15140046    1493
15140047    1494
15140048    1495
15140049    1496
15140050    1497
15140051    1498
15140052    1499
15140053    1500
15140054    1501
15140055    1502
15141001    1503
15141002    1504
15141003    1505
15141004    1506
15141006    1507
15141007    1508
15141009    1509
15141010    1510
15141011    1511
15141012    1512
15141013    1513
15141048    1514
15142003    1515
15142004    1516
15142005    1517
15142006    1518
15142008    1519
15142011    1520
15142012    1521
15142013    1522
15142014    1523
15142015    1524
15142018    1525
15142019    1526
15142020    1527
15142021    1528
15142022    1529
15142025    1530
15142054    1531
15142055    1532
15142058    1533
15143010    1534
15143011    1535
15143012    1536
15143013    1537
15143026    1538
15143027    1539
15143028    1540
15143029    1541
15143030    1542
15143031    1543
15143032    1544
15143033    1545
15143034    1546
15143035    1547
15143036    1548
15143037    1549
15143038    1550
15143039    1551
15143040    1552
15143049    1553
15143051    1554
15143052    1555
15144001    1556
15144003    1557
15144004    1558
15144005    1559
15144006    1560
15144007    1561
15144008    1562
15144009    1563
15144010    1564
15144011    1565
15144012    1566
15144013    1567
15144014    1568
15144015    1569
15144017    1570
15144018    1571
15144026    1572
15144027    1573
15144028    1574
15144032    1575
15144033    1576
15144034    1577
15144035    1578
15144036    1579
15144037    1580
15144039    1581
15144040    1582
15144043    1583
15144044    1584
15144046    1585
15144047    1586
15144049    1587
15144052    1588
15144054    1589
15144056    1590
15144058    1591
15144060    1592
15144062    1593
15144063    1594
15144064    1595
15144065    1596
15144067    1597
15144068    1598
15144070    1599
15145003    1600
15145004    1601
15145005    1602
15145006    1603
15145007    1604
15145008    1605
15145009    1606
15145010    1607
15145012    1608
15145013    1609
15145014    1610
15145015    1611
15145016    1612
15145017    1613
15145018    1614
15145019    1615
15145020    1616
15145021    1617
15145022    1618
15145023    1619
15145024    1620
15145029    1621
15145031    1622
15145032    1623
15145033    1624
15145034    1625
15145035    1626
15145036    1627
15145037    1628
15145038    1629
15145056    1630
15145060    1631
15145061    1632
15145062    1633
15145063    1634
15145064    1635
15146001    1636
15146002    1637
15146003    1638
15146004    1639
15146006    1640
15146008    1641
15146009    1642
15146010    1643
15146013    1644
15146017    1645
15146020    1646
15146023    1647
15146025    1648
15146026    1649
15146042    1650
15146043    1651
15146044    1652
15146045    1653
15146046    1654
15146049    1655
15146050    1656
15146051    1657
15146052    1658
15146054    1659
15146055    1660
15146057    1661
15146058    1662
15146059    1663
15146060    1664
15146061    1665
15146062    1666
15146064    1667
15146065    1668
15146066    1669
15146067    1670
15146068    1671
15146069    1672
15147001    1673
15147002    1674
15147003    1675
15147004    1676
15147005    1677
15147006    1678
15147007    1679
15147008    1680
15147009    1681
15147010    1682
15147011    1683
15147012    1684
15147013    1685
15147014    1686
15147015    1687
15147022    1688
15147023    1689
15147024    1690
15147025    1691
15147026    1692
15147027    1693
15147028    1694
15147029    1695
15147030    1696
15147031    1697
15147032    1698
15147033    1699
15147037    1700
15147038    1701
15147039    1702
15147040    1703
15147041    1704
15147042    1705
15148003    1706
15148004    1707
15148005    1708
15148006    1709
15148007    1710
15148008    1711
15148009    1712
15148010    1713
15148011    1714
15148062    1715
15148064    1716
15148065    1717
15148066    1718
15149009    1719
15149010    1720
15149011    1721
15149012    1722
15149013    1723
15149015    1724
15149016    1725
15149017    1726
15149061    1727
15149062    1728
15149063    1729
15149064    1730
15149067    1731
15149069    1732
15149070    1733
15149071    1734
15149072    1735
15149073    1736
15149074    1737
15149075    1738
15149076    1739
15150001    1740
15150004    1741
15150005    1742
15150009    1743
15150010    1744
15150011    1745
15150012    1746
15150013    1747
15150014    1748
15150015    1749
15150027    1750
15150030    1751
15150031    1752
15150048    1753
15150049    1754
15150054    1755
15150055    1756
15150056    1757
15150057    1758
15150058    1759
15150059    1760
15150060    1761
15150061    1762
15150062    1763
15150063    1764
15150064    1765
15150079    1766
15150080    1767
15150081    1768
15150082    1769
15151004    1770
15151005    1771
15151006    1772
15151007    1773
15151008    1774
15151009    1775
15151010    1776
15151011    1777
15151012    1778
15151013    1779
15151014    1780
15151015    1781
15151017    1782
15151018    1783
15151019    1784
15151020    1785
15151021    1786
15151022    1787
15151023    1788
15151024    1789
15151032    1790
15151033    1791
15151034    1792
15151035    1793
15151036    1794
15151038    1795
15151039    1796
15151040    1797
15151041    1798
15151042    1799
15151044    1800
15151045    1801
15151046    1802
15151048    1803
15151049    1804
15151050    1805
15151051    1806
15151052    1807
15151053    1808
15151054    1809
15151055    1810
15151056    1811
15151058    1812
15151061    1813
15151062    1814
15152001    1815
15152002    1816
15152003    1817
15152004    1818
15152005    1819
15152006    1820
15152007    1821
15152008    1822
15152009    1823
15152010    1824
15152011    1825
15152012    1826
15152013    1827
15152014    1828
15152015    1829
15152016    1830
15152017    1831
15152018    1832
15152020    1833
15152031    1834
15152032    1835
15152033    1836
15152034    1837
15152036    1838
15152038    1839
15152039    1840
15152040    1841
15152041    1842
15152042    1843
15152043    1844
15152044    1845
15152046    1846
15152047    1847
15152048    1848
15152049    1849
15152050    1850
15152051    1851
15152052    1852
15152053    1853
15152054    1854
15152055    1855
15152057    1856
15152058    1857
15153001    1858
15153002    1859
15153003    1860
15153004    1861
15153006    1862
15153007    1863
15153008    1864
15153009    1865
15153010    1866
15153011    1867
15153012    1868
15153013    1869
15153014    1870
15153015    1871
15153017    1872
15153018    1873
15153019    1874
15153022    1875
15153034    1876
15153035    1877
15153036    1878
15153037    1879
15153038    1880
15153040    1881
15153041    1882
15153042    1883
15153043    1884
15153044    1885
15153045    1886
15153046    1887
15153047    1888
15153048    1889
15153049    1890
15153050    1891
15153052    1892
15153053    1893
15153054    1894
15153055    1895
15153056    1896
15153057    1897
15153058    1898
15154001    1899
15154002    1900
15154003    1901
15154008    1902
15154009    1903
15154010    1904
15154011    1905
15154012    1906
15154013    1907
15154014    1908
15154015    1909
15154016    1910
15154017    1911
15154018    1912
15154021    1913
15154022    1914
15154023    1915
15154024    1916
15155004    1917
15155005    1918
15155006    1919
15155007    1920
15155008    1921
15155009    1922
15155010    1923
15156001    1924
15156002    1925
15156003    1926
15156004    1927
15156007    1928
15156008    1929
15156010    1930
15156011    1931
15156014    1932
15156015    1933
15156016    1934
15156017    1935
15156019    1936
15156020    1937
15156021    1938
15156022    1939
15156023    1940
15156024    1941
15156039    1942
15156040    1943
15156041    1944
15156042    1945
15156043    1946
15157004    1947
15157006    1948
15157007    1949
15157009    1950
15157011    1951
15157012    1952
15157013    1953
15157014    1954
15157015    1955
15157016    1956
15157017    1957
15157020    1958
15157022    1959
15157023    1960
15157024    1961
15157025    1962
15157028    1963
15157034    1964
15157039    1965
15157045    1966
15157046    1967
15157047    1968
15157048    1969
15157049    1970
15157050    1971
15157051    1972
15157052    1973
15157053    1974
15157054    1975
15157055    1976
15157056    1977
15157057    1978
15157058    1979
15157059    1980
15157060    1981
15157061    1982
15158001    1983
15158024    1984
15158025    1985
15158026    1986
15158027    1987
15158028    1988
15158029    1989
15158031    1990
15158032    1991
15158033    1992
15158034    1993
15158035    1994
15158036    1995
15158037    1996
15158038    1997
15158039    1998
15158040    1999
15158057    2000
15158058    2001
15158059    2002
15158060    2003
15158061    2004
15158062    2005
15158063    2006
15158064    2007
15158070    2008
15159001    2009
15159002    2010
15159003    2011
15159004    2012
15159005    2013
15159006    2014
15159007    2015
15159008    2016
15159009    2017
15159016    2018
15159017    2019
15159018    2020
15159019    2021
15159021    2022
15159024    2023
15159025    2024
15159026    2025
15159027    2026
15159028    2027
15159029    2028
15159030    2029
15159031    2030
15159032    2031
15159033    2032
15159034    2033
15159035    2034
15159036    2035
15159039    2036
15159040    2037
15159041    2038
15159042    2039
15159043    2040
15159044    2041
15159045    2042
15159046    2043
15159049    2044
15159051    2045
15159054    2046
15159055    2047
15160001    2048
15160002    2049
15160003    2050
15160004    2051
15160005    2052
15160006    2053
15160007    2054
15160029    2055
15160030    2056
15160032    2057
15160033    2058
15160034    2059
15160035    2060
15160036    2061
15160037    2062
15160038    2063
15160039    2064
15160040    2065
15160041    2066
15160042    2067
15160043    2068
15160044    2069
15160045    2070
15160046    2071
15160047    2072
15160048    2073
15160050    2074
15161001    2075
15161002    2076
15161003    2077
15161004    2078
15161005    2079
15161006    2080
15161007    2081
15161008    2082
15161009    2083
15161010    2084
15161011    2085
15161012    2086
15161013    2087
15161014    2088
15161015    2089
15161016    2090
15161017    2091
15161018    2092
15161019    2093
15161020    2094
15161021    2095
15161022    2096
15161036    2097
15161037    2098
15161043    2099
15161048    2100
15161051    2101
15161053    2102
15161054    2103
15161055    2104
15161056    2105
15161057    2106
15161058    2107
15161059    2108
15161060    2109
15161061    2110
15161062    2111
15161063    2112
15161064    2113
15161065    2114
15161066    2115
15161067    2116
15161068    2117
15161069    2118
15161070    2119
15161071    2120
15161072    2121
15162001    2122
15162004    2123
15162005    2124
15162006    2125
15162010    2126
15162011    2127
15162012    2128
15162013    2129
15162014    2130
15162015    2131
15162016    2132
15162017    2133
15162018    2134
15162019    2135
15162020    2136
15162021    2137
15162022    2138
15162023    2139
15162024    2140
15162025    2141
15162026    2142
15162027    2143
15162028    2144
15162029    2145
15162030    2146
15162031    2147
15162032    2148
15162041    2149
15162042    2150
15162043    2151
15162044    2152
15162045    2153
15162046    2154
15162047    2155
15162048    2156
15162049    2157
15162050    2158
15162051    2159
15162053    2160
15162054    2161
15162055    2162
15163001    2163
15163002    2164
15163003    2165
15163004    2166
15163005    2167
15163006    2168
15163007    2169
15163008    2170
15163009    2171
15163010    2172
15163017    2173
15163018    2174
15163019    2175
15163020    2176
15163021    2177
15163022    2178
15163023    2179
15163024    2180
15163025    2181
15163026    2182
15163027    2183
15163028    2184
15163029    2185
15163033    2186
15163034    2187
15163035    2188
15163048    2189
15163049    2190
15163050    2191
15163051    2192
15163052    2193
15163053    2194
15163054    2195
15163055    2196
15163056    2197
15163057    2198
15163058    2199
15163059    2200
15163060    2201
15163061    2202
15163062    2203
15164001    2204
15164002    2205
15164003    2206
15164023    2207
15164024    2208
15164028    2209
15164030    2210
15164032    2211
15164033    2212
15164034    2213
15164036    2214
15164037    2215
15164039    2216
15164040    2217
15164041    2218
15164042    2219
15164043    2220
15164044    2221
15164045    2222
15164046    2223
15164047    2224
15164048    2225
15164049    2226
15164060    2227
15164061    2228
15164062    2229
15164063    2230
15164064    2231
15164065    2232
15164066    2233
15164067    2234
15164068    2235
15164069    2236
15164070    2237
15164071    2238
15165001    2239
15165002    2240
15165003    2241
15165008    2242
15165009    2243
15165021    2244
15165022    2245
15165023    2246
15165024    2247
15165025    2248
15165026    2249
15165027    2250
15165028    2251
15165029    2252
15165031    2253
15165033    2254
15165034    2255
15165035    2256
15165036    2257
15165037    2258
15165038    2259
15165039    2260
15165040    2261
15165041    2262
15165042    2263
15165043    2264
15165044    2265
15165045    2266
15165046    2267
15165047    2268
15165049    2269
15165050    2270
15165051    2271
15165052    2272
15165053    2273
15165054    2274
15165055    2275
15165056    2276
15165057    2277
15165058    2278
15165059    2279
15166004    2280
15166005    2281
15166006    2282
15166007    2283
15166008    2284
15166009    2285
15166010    2286
15166013    2287
15166014    2288
15166015    2289
15166016    2290
15166017    2291
15166023    2292
15166024    2293
15166025    2294
15166026    2295
15166027    2296
15166028    2297
15166029    2298
15166030    2299
15166031    2300
15166032    2301
15166033    2302
15166034    2303
15166035    2304
15166036    2305
15166037    2306
15166038    2307
15166039    2308
15166040    2309
15166041    2310
15166042    2311
15166043    2312
15166044    2313
15166045    2314
15166046    2315
15166047    2316
15167001    2317
15167002    2318
15167006    2319
15167007    2320
15167008    2321
15167009    2322
15167011    2323
15167012    2324
15167013    2325
15167014    2326
