22031042    0
22031043    1
22031044    2
22031045    3
22031046    4
22031049    5
22031052    6
22031053    7
22031054    8
22031055    9
22031056    10
22031057    11
22031058    12
22031059    13
22032001    14
22032002    15
22032003    16
22032004    17
22032005    18
22032006    19
22032007    20
22032008    21
22032009    22
22032013    23
22032014    24
22033001    25
22033002    26
22033007    27
22033008    28
22033009    29
22033010    30
22033012    31
22033013    32
22033014    33
22033017    34
22033018    35
22033020    36
22033022    37
22033023    38
22033024    39
22033026    40
22033028    41
22033029    42
22033031    43
22033032    44
22033033    45
22033034    46
22033036    47
22033037    48
22033038    49
22033039    50
22033040    51
22033041    52
22033042    53
22033043    54
22034001    55
22034002    56
22034003    57
22034004    58
22034005    59
22034006    60
22034007    61
22034008    62
22034009    63
22034010    64
22035002    65
22035003    66
22035004    67
22035005    68
22035006    69
22035007    70
22035008    71
22035009    72
22035010    73
22035015    74
22035016    75
22035017    76
22035019    77
22035020    78
22035021    79
22035022    80
22035023    81
22035024    82
22035025    83
22035026    84
22035029    85
22035030    86
22035031    87
22036001    88
22036002    89
22036003    90
22036004    91
22036005    92
22036007    93
22036008    94
22036009    95
22036010    96
22036011    97
22036012    98
22036024    99
22036025    100
22036026    101
22036027    102
22036028    103
22036029    104
22037001    105
22037002    106
22037003    107
22037005    108
22037006    109
22037007    110
22037008    111
22037009    112
22037010    113
22037011    114
22037013    115
22037014    116
22037015    117
22037016    118
22037017    119
22037018    120
22037019    121
22037020    122
22037021    123
22037023    124
22037024    125
22037025    126
22037026    127
22037027    128
22037028    129
22037030    130
22038001    131
22038002    132
22038003    133
22038004    134
22038005    135
22038006    136
22038007    137
22038008    138
22038009    139
22038011    140
22038012    141
22038013    142
22038014    143
22038016    144
22038017    145
22038018    146
22038019    147
22038026    148
22038029    149
22038030    150
22038031    151
22038032    152
22038033    153
22039001    154
22039002    155
22039003    156
22039004    157
22039005    158
22039006    159
22039007    160
22039008    161
22039009    162
22039010    163
22039011    164
22039013    165
22039014    166
22039015    167
22039016    168
22039017    169
22039018    170
22039019    171
22039020    172
22039021    173
22039022    174
22039024    175
22039025    176
22039026    177
22039027    178
22039028    179
22039029    180
22039030    181
22039031    182
22040006    183
22040007    184
22040009    185
22040017    186
22040018    187
22040019    188
22040020    189
22040021    190
22040022    191
22040023    192
22040024    193
22040025    194
22040026    195
22040027    196
22040028    197
22040030    198
22040033    199
22040034    200
22040035    201
22040037    202
22040038    203
22040039    204
22040040    205
22040041    206
22040042    207
22040043    208
22040044    209
22040045    210
22040046    211
22040047    212
22040048    213
22041001    214
22041002    215
22041003    216
22041004    217
22041005    218
22041006    219
22041007    220
22041008    221
22041009    222
22041010    223
22041013    224
22041014    225
22041022    226
22041023    227
22041024    228
22041025    229
22041026    230
22041027    231
22041028    232
22041029    233
22041030    234
22041031    235
22041032    236
22041033    237
22041034    238
22041035    239
22041036    240
22041037    241
22041038    242
22042001    243
22042002    244
22042003    245
22042004    246
22042005    247
22042006    248
22042007    249
22042008    250
22042009    251
22042010    252
22042011    253
22042012    254
22042013    255
22042014    256
22042026    257
22042027    258
22042028    259
22042029    260
22042030    261
22042031    262
22042032    263
22042033    264
22042034    265
22042035    266
22042036    267
22042037    268
22042038    269
22042039    270
22042040    271
22043001    272
22043002    273
22043003    274
22043004    275
22043005    276
22043006    277
22043007    278
22043008    279
22043009    280
22043010    281
22043012    282
22043013    283
22043014    284
22043015    285
22043016    286
22043018    287
22043025    288
22043026    289
22043027    290
22043029    291
22043030    292
22043031    293
22043032    294
22043033    295
22043034    296
22043036    297
22043037    298
22043038    299
22043039    300
22043040    301
22043041    302
22043042    303
22043044    304
22043045    305
22043046    306
22043047    307
22044003    308
22044004    309
22044005    310
22044006    311
22044007    312
22044008    313
22044009    314
22044012    315
22044013    316
22044014    317
22044015    318
22044016    319
22044017    320
22044018    321
22044019    322
22044020    323
22044021    324
22044023    325
22044024    326
22044025    327
22044026    328
22044027    329
22044031    330
22044032    331
22044033    332
22044034    333
22044035    334
22044036    335
22044037    336
22044038    337
22044040    338
22045001    339
22045002    340
22045003    341
22045004    342
22045005    343
22045006    344
22045007    345
22045008    346
22045009    347
22045010    348
22045011    349
22045013    350
22045014    351
22045015    352
22045016    353
22045017    354
22045018    355
22045019    356
22045021    357
22045022    358
22045023    359
22045024    360
22045025    361
22045028    362
22045029    363
22045031    364
22045032    365
22045033    366
22045034    367
22045035    368
22045036    369
22045037    370
22045038    371
22045039    372
22045040    373
22046001    374
22046002    375
22046003    376
22046004    377
22046005    378
22046006    379
22046007    380
22046012    381
22046013    382
22046014    383
22046015    384
22046016    385
22046017    386
22046018    387
22046019    388
22046021    389
22046022    390
22046023    391
22046024    392
22046025    393
22046026    394
22046027    395
22046028    396
22046029    397
22046030    398
22046031    399
22046032    400
22046033    401
22046034    402
22046035    403
22046036    404
22046037    405
22046038    406
22047001    407
22047002    408
22047003    409
22047004    410
22047005    411
22047006    412
22047007    413
22047008    414
22047009    415
22047010    416
22047011    417
22047012    418
22047013    419
22047014    420
22047018    421
22047020    422
22047021    423
22047022    424
22047023    425
22047024    426
22047026    427
22047030    428
22047031    429
22047032    430
22047033    431
22047034    432
22047035    433
22048001    434
22048002    435
22048003    436
22048004    437
22048005    438
22048006    439
22048007    440
22048009    441
22048010    442
22048011    443
22048012    444
22048013    445
22048014    446
22048040    447
22048041    448
22048042    449
22048053    450
22049001    451
22049002    452
22049003    453
22049004    454
22049005    455
22049006    456
22049007    457
22049008    458
22049009    459
22049010    460
22049011    461
22049012    462
22049013    463
22049014    464
22049023    465
22049024    466
22049026    467
22049027    468
22049029    469
22049030    470
22050001    471
22050002    472
22050003    473
22050004    474
22050005    475
22050006    476
22050007    477
22050016    478
22050017    479
22050018    480
22050019    481
22050020    482
22050021    483
22050022    484
22050023    485
22050024    486
22050025    487
22050026    488
22050036    489
22050037    490
22050038    491
22050040    492
22050041    493
22050042    494
22050044    495
22050045    496
22051001    497
22051002    498
22051003    499
22051004    500
22051005    501
22051006    502
22051007    503
22051008    504
22051009    505
22051010    506
22051012    507
22051013    508
22051014    509
22051015    510
22051016    511
22051017    512
22051018    513
22051019    514
22051021    515
22051025    516
22051026    517
22051027    518
22051028    519
22051030    520
22051031    521
22051032    522
22051033    523
22051034    524
22051035    525
22051036    526
22051037    527
22051039    528
22051040    529
22052011    530
22052012    531
22052013    532
22052014    533
22052015    534
22052016    535
22052017    536
22052018    537
22052019    538
22052020    539
22052021    540
22052022    541
22052026    542
22052027    543
22052028    544
22052029    545
22052030    546
22052031    547
22052032    548
22052033    549
22052035    550
22052036    551
22052037    552
22052038    553
22052039    554
22052040    555
22052041    556
22052042    557
22052046    558
22052047    559
22052048    560
22052050    561
22053001    562
22053002    563
22053003    564
22053004    565
22053005    566
22053006    567
22053007    568
22053008    569
22053011    570
22053012    571
22053013    572
22053014    573
22053015    574
22053021    575
22053022    576
22053023    577
22053024    578
22053025    579
22053027    580
22053028    581
22053032    582
22053034    583
22053035    584
22053036    585
22053037    586
22053038    587
22053039    588
22053040    589
22053041    590
22053044    591
22053045    592
22053046    593
22053047    594
22053048    595
22053049    596
22053050    597
22053051    598
22054007    599
22054008    600
22054009    601
22054011    602
22054012    603
22054013    604
22054014    605
22054016    606
22054019    607
22054022    608
22054023    609
22054024    610
22054025    611
22054026    612
22054027    613
22054028    614
22054029    615
22054030    616
22054031    617
22054032    618
22054035    619
22054039    620
22054040    621
22054041    622
22054042    623
22054043    624
22054044    625
22054045    626
22054046    627
22054047    628
22054048    629
22054050    630
22054051    631
22054052    632
22054053    633
22055001    634
22055002    635
22055003    636
22055004    637
22055008    638
22055009    639
22055010    640
22055011    641
22055012    642
22055023    643
22055024    644
22055025    645
22055029    646
22055030    647
22056001    648
22056002    649
22056003    650
22056004    651
22056005    652
22056006    653
22056007    654
22056008    655
22056009    656
22056010    657
22056011    658
22056036    659
22057001    660
22057003    661
22057007    662
22057008    663
22057009    664
22057010    665
22057011    666
22057012    667
22057013    668
22057014    669
22057015    670
22057019    671
22057021    672
22057022    673
22057024    674
22057025    675
22057026    676
22057028    677
22057029    678
22057031    679
22057032    680
22057033    681
22057034    682
22057042    683
22057043    684
22057044    685
22057045    686
22057046    687
22057047    688
22057048    689
22057049    690
22057050    691
22057051    692
22057052    693
22057053    694
22057054    695
22057055    696
22057056    697
22058002    698
22058003    699
22058004    700
22058005    701
22058006    702
22058007    703
22058008    704
22058009    705
22058010    706
22058011    707
22058012    708
22058013    709
22058014    710
22058015    711
22058016    712
22058017    713
22058019    714
22058020    715
22058021    716
22058037    717
22058038    718
22058039    719
22058040    720
22058041    721
22058042    722
22058043    723
22058044    724
22059001    725
22059002    726
22059003    727
22059004    728
22059005    729
22059007    730
22059008    731
22059012    732
22059014    733
22059015    734
22059016    735
22059017    736
22059018    737
22059019    738
22059023    739
22059024    740
22059025    741
22059026    742
22059027    743
22059028    744
22059029    745
22059030    746
22059031    747
22059032    748
22059033    749
22059037    750
22059038    751
22059039    752
22059040    753
22059041    754
22059042    755
22059043    756
22059044    757
22059045    758
22059046    759
22059048    760
22060001    761
22060002    762
22060003    763
22060004    764
22060005    765
22060006    766
22060007    767
22060008    768
22060009    769
22060010    770
22060011    771
22060012    772
22060013    773
22060015    774
22060016    775
22060017    776
22060018    777
22060019    778
22060024    779
22060025    780
22060027    781
22060028    782
22060029    783
22060030    784
22060031    785
22060032    786
22060033    787
22060034    788
22060035    789
22060036    790
22060037    791
22060038    792
22060039    793
22060040    794
22060041    795
22060042    796
22060043    797
22061001    798
22061002    799
22061003    800
22061004    801
22061005    802
22061012    803
22061013    804
22061015    805
22061016    806
22061017    807
22061018    808
22061019    809
22061020    810
22061021    811
22061024    812
22061025    813
22061026    814
22061027    815
22061028    816
22061029    817
22061030    818
22061031    819
22061032    820
22061033    821
22061034    822
22061035    823
22061036    824
22062002    825
22062003    826
22062004    827
22062006    828
22062007    829
22062008    830
22062009    831
22062010    832
22062011    833
22062012    834
22062013    835
22062034    836
22062035    837
22062036    838
22063014    839
22063015    840
22063016    841
22063017    842
22063018    843
22063019    844
22063020    845
22063021    846
22063022    847
22063023    848
22063024    849
22063025    850
22064002    851
22064003    852
22064005    853
22064007    854
22064013    855
22064015    856
22064016    857
22064018    858
22064020    859
22064021    860
22064022    861
22064024    862
22064025    863
22064026    864
22064038    865
22064039    866
22064040    867
22064041    868
22064042    869
22064043    870
22064044    871
22064045    872
22064046    873
22064047    874
22065001    875
22065002    876
22065003    877
22065004    878
22065005    879
22065006    880
22065007    881
22065008    882
22065009    883
22065010    884
22065011    885
22065012    886
22065013    887
22065014    888
22065015    889
22065016    890
22065017    891
22065018    892
22065019    893
22065020    894
22065021    895
22065022    896
22065023    897
22065027    898
22065028    899
22065029    900
22065030    901
22065031    902
22065032    903
22065033    904
22065034    905
22065035    906
22065036    907
22065038    908
22066001    909
22066002    910
22066003    911
22066004    912
22066005    913
22066006    914
22066007    915
22066008    916
22066009    917
22066010    918
22066011    919
22066012    920
22066013    921
22066014    922
22066015    923
22066016    924
22066018    925
22066019    926
22066020    927
22066021    928
22066022    929
22066024    930
22066025    931
22066030    932
22066031    933
22066032    934
22066033    935
22066034    936
22066035    937
22066036    938
22066037    939
22066038    940
22066039    941
22066040    942
22066042    943
22066043    944
22067001    945
22067002    946
22067003    947
22067005    948
22067006    949
22067007    950
22067008    951
22067009    952
22067010    953
22067011    954
22067039    955
22068001    956
22068002    957
22068005    958
22068011    959
22068012    960
22068013    961
22068014    962
22068016    963
22068017    964
22068018    965
22068019    966
22068020    967
22068021    968
22068022    969
22068023    970
22068035    971
22068038    972
22068039    973
22068040    974
22068041    975
22068042    976
22068048    977
22068049    978
22068050    979
22068051    980
22068052    981
22068053    982
22068054    983
22068055    984
22068056    985
22069002    986
22069004    987
22069005    988
22069006    989
22069007    990
22069008    991
22069009    992
22069010    993
22069011    994
22069012    995
22069013    996
22069014    997
22069015    998
22069016    999
22069017    1000
22069030    1001
22069032    1002
22069033    1003
22069034    1004
22069037    1005
22069040    1006
22069042    1007
22069043    1008
22070001    1009
22070002    1010
22070003    1011
22070004    1012
22070005    1013
22070006    1014
22070007    1015
22070008    1016
22070009    1017
22070010    1018
22070011    1019
22070012    1020
22070014    1021
22070040    1022
22070041    1023
22071001    1024
22071003    1025
22071004    1026
22071005    1027
22071006    1028
22071007    1029
22071008    1030
22071009    1031
22071010    1032
22071011    1033
22071012    1034
22071013    1035
22071014    1036
22071015    1037
22071016    1038
22071017    1039
22071018    1040
22071019    1041
22071021    1042
22071023    1043
22071024    1044
22071025    1045
22071026    1046
22071027    1047
22071029    1048
22071030    1049
22071036    1050
22071037    1051
22071039    1052
22071040    1053
22071041    1054
22071042    1055
22071043    1056
22071044    1057
22071045    1058
22071046    1059
22071047    1060
22071048    1061
22071049    1062
22072001    1063
22072002    1064
22072023    1065
22072025    1066
22072026    1067
22072027    1068
22072028    1069
22072029    1070
22072030    1071
22072031    1072
22072032    1073
22072033    1074
22072035    1075
22072036    1076
22072037    1077
22072038    1078
22072039    1079
22072043    1080
22072044    1081
22072045    1082
22072046    1083
22072047    1084
22072048    1085
22072050    1086
22072051    1087
22072052    1088
22072053    1089
22072054    1090
22072055    1091
22072057    1092
22072058    1093
22072059    1094
22072061    1095
22072063    1096
22072064    1097
22072065    1098
22073002    1099
22073003    1100
22073004    1101
22073005    1102
22073007    1103
22073008    1104
22073009    1105
22073010    1106
22073011    1107
22073012    1108
22073013    1109
22073014    1110
22073015    1111
22073016    1112
22073017    1113
22073018    1114
22073019    1115
22073020    1116
22073021    1117
22073022    1118
22073023    1119
22073024    1120
22073025    1121
22073026    1122
22073027    1123
22073032    1124
22073033    1125
22073034    1126
22073041    1127
22073042    1128
22073043    1129
22073044    1130
22073045    1131
22073048    1132
22073049    1133
22073050    1134
22073052    1135
22073053    1136
22073054    1137
22073055    1138
22074001    1139
22074002    1140
22074003    1141
22074004    1142
22074005    1143
22074009    1144
22074010    1145
22074011    1146
22074012    1147
22074013    1148
22074015    1149
22074016    1150
22074018    1151
22074019    1152
22074020    1153
22074021    1154
22074042    1155
22074043    1156
22074044    1157
22074046    1158
22075001    1159
22075003    1160
22075004    1161
22075005    1162
22075006    1163
22075007    1164
22075008    1165
22075009    1166
22075010    1167
22075011    1168
22075012    1169
22075013    1170
22075014    1171
22075015    1172
22075016    1173
22075017    1174
22075018    1175
22075019    1176
22075020    1177
22075021    1178
22075022    1179
22075023    1180
22075024    1181
22075025    1182
22075029    1183
22075030    1184
22075031    1185
22075032    1186
22075033    1187
22075034    1188
22075035    1189
22075036    1190
22075037    1191
22075039    1192
22075040    1193
22075041    1194
22075042    1195
22075043    1196
22075044    1197
22075045    1198
22075046    1199
22076001    1200
22076002    1201
22076003    1202
22076004    1203
22076005    1204
22076006    1205
22076007    1206
22076008    1207
22076009    1208
22076010    1209
22076011    1210
22076012    1211
22076033    1212
22076034    1213
22076035    1214
22076039    1215
22076040    1216
22076041    1217
22076042    1218
22076043    1219
22076044    1220
22076045    1221
22077001    1222
22077002    1223
22077003    1224
22077004    1225
22077005    1226
22077006    1227
22077007    1228
22077008    1229
22077009    1230
22077010    1231
22077011    1232
22077012    1233
22077013    1234
22077014    1235
22077015    1236
22077016    1237
22077017    1238
22077018    1239
22077019    1240
22077020    1241
22077021    1242
22077022    1243
22077023    1244
22077024    1245
22077029    1246
22077030    1247
22077031    1248
22077032    1249
22077033    1250
22077034    1251
22077035    1252
22077041    1253
22077042    1254
22077043    1255
22077050    1256
22078001    1257
22078002    1258
22078003    1259
22078004    1260
22078005    1261
22078006    1262
22078007    1263
22078008    1264
22078009    1265
22078010    1266
22078016    1267
22078017    1268
22078018    1269
22078019    1270
22078023    1271
22078024    1272
22078025    1273
22078026    1274
22078027    1275
22078031    1276
22078032    1277
22078033    1278
22078034    1279
22078035    1280
22078036    1281
22078037    1282
22078038    1283
22078039    1284
22078040    1285
22078041    1286
22078042    1287
22078043    1288
22079001    1289
22079002    1290
22079003    1291
22079004    1292
22079005    1293
22079007    1294
22079008    1295
22079009    1296
22079010    1297
22079011    1298
22079012    1299
22079013    1300
22079014    1301
22079015    1302
22079016    1303
22079017    1304
22079018    1305
22079019    1306
22079020    1307
22079027    1308
22079028    1309
22079029    1310
22079030    1311
22079031    1312
22079032    1313
22079033    1314
22079034    1315
22079035    1316
22079036    1317
22079037    1318
22079038    1319
22079039    1320
22079040    1321
22079041    1322
22079042    1323
22079043    1324
22079044    1325
22079045    1326
22079046    1327
22079047    1328
22080001    1329
22080002    1330
22080003    1331
22080004    1332
22080005    1333
22080006    1334
22080007    1335
22080008    1336
22080009    1337
22080010    1338
22080011    1339
22080012    1340
22080013    1341
22080014    1342
22080016    1343
22080017    1344
22080018    1345
22080019    1346
22080020    1347
22080021    1348
22080022    1349
22080023    1350
22080024    1351
22080025    1352
22080026    1353
22080030    1354
22080031    1355
22080032    1356
22080033    1357
22080034    1358
22080035    1359
22080036    1360
22080037    1361
22080038    1362
22080039    1363
22080040    1364
22080044    1365
22080045    1366
22080046    1367
22080047    1368
22080048    1369
22081001    1370
22081002    1371
22081003    1372
22081004    1373
22081005    1374
22081006    1375
22081007    1376
22081008    1377
22081009    1378
22081010    1379
22081011    1380
22081012    1381
22081013    1382
22081014    1383
22081016    1384
22081017    1385
22081018    1386
22081019    1387
22081020    1388
22081025    1389
22081026    1390
22081027    1391
22081028    1392
22081029    1393
22081030    1394
22081031    1395
22081032    1396
22081033    1397
22081034    1398
22081035    1399
22081036    1400
22081037    1401
22081038    1402
22081039    1403
22081040    1404
22081041    1405
22081042    1406
22082001    1407
22082002    1408
22082003    1409
22082004    1410
22082005    1411
22082006    1412
22082007    1413
22082008    1414
22082009    1415
22082010    1416
22082011    1417
22082012    1418
22082015    1419
22082017    1420
22082018    1421
22082026    1422
22082027    1423
22082028    1424
22082029    1425
22082030    1426
22082031    1427
22082032    1428
22082033    1429
22082034    1430
22082036    1431
22082037    1432
22082038    1433
22082039    1434
22082041    1435
22082042    1436
22082043    1437
22082044    1438
22082045    1439
22082046    1440
22083001    1441
22083002    1442
22083003    1443
22083007    1444
22083008    1445
22083009    1446
22083011    1447
22083012    1448
22083013    1449
22083014    1450
22083015    1451
22083027    1452
22083028    1453
22084001    1454
22084006    1455
22084007    1456
22084008    1457
22084009    1458
22084010    1459
22084011    1460
22084012    1461
22084013    1462
22084014    1463
22084015    1464
22084016    1465
22084017    1466
22084018    1467
22084019    1468
22084029    1469
22084035    1470
22084037    1471
22084038    1472
22084039    1473
22084040    1474
22084041    1475
22084042    1476
22084043    1477
22084046    1478
22084047    1479
22084048    1480
22084049    1481
22084050    1482
22085001    1483
22085002    1484
22085003    1485
22085004    1486
22085005    1487
22085006    1488
22085007    1489
22085008    1490
22085009    1491
22085010    1492
22085011    1493
22085012    1494
22085013    1495
22085014    1496
22085015    1497
22085016    1498
22085021    1499
22085022    1500
22085023    1501
22085024    1502
22085025    1503
22085026    1504
22085027    1505
22085028    1506
22085029    1507
22085030    1508
22085031    1509
22085032    1510
22085033    1511
22085034    1512
22085035    1513
22085036    1514
22085037    1515
22085040    1516
22086001    1517
22086002    1518
22086003    1519
22086004    1520
22086005    1521
22086006    1522
22086007    1523
22086008    1524
22086009    1525
22086010    1526
22086011    1527
22086012    1528
22086013    1529
22086014    1530
22086015    1531
22086017    1532
22086018    1533
22086020    1534
22086027    1535
22086028    1536
22086029    1537
22086030    1538
22086031    1539
22086032    1540
22086033    1541
22086034    1542
22086036    1543
22086037    1544
22086038    1545
22086039    1546
22086040    1547
22086041    1548
22086042    1549
22086043    1550
22086044    1551
22086045    1552
22086046    1553
22087001    1554
22087002    1555
22087003    1556
22087004    1557
22087005    1558
22087006    1559
22087007    1560
22087008    1561
22087009    1562
22087010    1563
22087011    1564
22087012    1565
22087013    1566
22087014    1567
22087017    1568
22087018    1569
22087019    1570
22087020    1571
22087021    1572
22087022    1573
22087023    1574
22087024    1575
22087025    1576
22087026    1577
22087027    1578
22087032    1579
22087033    1580
22087034    1581
22087036    1582
22087037    1583
22087038    1584
22087039    1585
22087040    1586
22087041    1587
22087042    1588
22087043    1589
22087044    1590
22087045    1591
22087046    1592
22087047    1593
22088001    1594
22088002    1595
22088003    1596
22088004    1597
22088008    1598
22088009    1599
22088011    1600
22088012    1601
22088013    1602
22088014    1603
22088015    1604
22088016    1605
22088017    1606
22088018    1607
22088019    1608
22088020    1609
22088021    1610
22088022    1611
22088023    1612
22088024    1613
22088025    1614
22088026    1615
22088027    1616
22088034    1617
22088035    1618
22088036    1619
22088037    1620
22088039    1621
22088040    1622
22088041    1623
22088042    1624
22088043    1625
22088044    1626
22088045    1627
22088046    1628
22089001    1629
22089002    1630
22089003    1631
22089005    1632
22089006    1633
22089007    1634
22089008    1635
22089009    1636
22089010    1637
22089011    1638
22089012    1639
22089013    1640
22089014    1641
22089017    1642
22089018    1643
22089019    1644
22089020    1645
22089021    1646
22089022    1647
22089023    1648
22089024    1649
22089025    1650
22089026    1651
22089027    1652
22089028    1653
22089033    1654
22089034    1655
22089035    1656
22089036    1657
22089037    1658
22089038    1659
22089039    1660
22089040    1661
22089041    1662
22089042    1663
22089043    1664
22089044    1665
22089045    1666
22089046    1667
22089047    1668
22090001    1669
22090002    1670
22090003    1671
22090004    1672
22090005    1673
22090006    1674
22090007    1675
22090008    1676
22090009    1677
22090010    1678
22090011    1679
22090012    1680
22091002    1681
22091003    1682
22091004    1683
22091005    1684
22091006    1685
22091018    1686
22091020    1687
22091021    1688
22091022    1689
22091025    1690
22091028    1691
22091030    1692
22091031    1693
22091037    1694
22091038    1695
22091039    1696
22091042    1697
22091043    1698
22091044    1699
22091045    1700
22091047    1701
22091048    1702
22091049    1703
22092001    1704
22092002    1705
22092003    1706
22092004    1707
22092005    1708
22092006    1709
22092007    1710
22092008    1711
22092009    1712
22092010    1713
22092011    1714
22092013    1715
22092015    1716
22092016    1717
22092017    1718
22092018    1719
22092027    1720
22092028    1721
22092029    1722
22092030    1723
22092031    1724
22092032    1725
22092033    1726
22092034    1727
22092035    1728
22092036    1729
22092037    1730
22092038    1731
22092039    1732
22092040    1733
22092041    1734
22092042    1735
22092043    1736
22092045    1737
22092046    1738
22092047    1739
22093001    1740
22093002    1741
22093003    1742
22093004    1743
22093005    1744
22093006    1745
22093007    1746
22093008    1747
22093009    1748
22093010    1749
22093011    1750
22093013    1751
22093014    1752
22093015    1753
22093016    1754
22093017    1755
22093018    1756
22093022    1757
22093023    1758
22093024    1759
22093025    1760
22093026    1761
22093027    1762
22093029    1763
22093031    1764
22093032    1765
22093033    1766
22093034    1767
22093035    1768
22093036    1769
22093037    1770
22093038    1771
22093039    1772
22094001    1773
22094002    1774
22094003    1775
22094004    1776
22094005    1777
22094006    1778
22094007    1779
22094008    1780
22094009    1781
22094010    1782
22094011    1783
22094012    1784
22094013    1785
22094014    1786
22094015    1787
22094016    1788
22094017    1789
22094018    1790
22094019    1791
22094020    1792
22094021    1793
22094022    1794
22094023    1795
22094024    1796
22094025    1797
22094026    1798
22094027    1799
22094028    1800
22094032    1801
22094033    1802
22094034    1803
22094035    1804
22094037    1805
22094038    1806
22094039    1807
22094040    1808
22094041    1809
22094042    1810
22094043    1811
22094044    1812
22094045    1813
22094046    1814
22094047    1815
22095001    1816
22095002    1817
22095003    1818
22095004    1819
22095005    1820
22095006    1821
22095007    1822
22095008    1823
22095009    1824
22095010    1825
22095011    1826
22095012    1827
22095013    1828
22095014    1829
22095015    1830
22095016    1831
22095020    1832
22095021    1833
22095022    1834
22095023    1835
22095024    1836
22095025    1837
22095026    1838
22095027    1839
22095028    1840
22095029    1841
22095030    1842
22095031    1843
22095032    1844
22095033    1845
22095034    1846
22095035    1847
22095036    1848
22095037    1849
22095038    1850
22095039    1851
22095040    1852
22095042    1853
22095043    1854
22095044    1855
22096001    1856
22096002    1857
22096003    1858
22096004    1859
22096005    1860
22096006    1861
22096007    1862
22096008    1863
22096009    1864
22096010    1865
22096011    1866
22096012    1867
22096013    1868
22096014    1869
22096015    1870
22096016    1871
22096017    1872
22096018    1873
22096019    1874
22096020    1875
22096021    1876
22096028    1877
22096029    1878
22096030    1879
22096031    1880
22096037    1881
22096038    1882
22096039    1883
22096040    1884
22096041    1885
22096042    1886
22096043    1887
22096044    1888
22096045    1889
22096046    1890
22097001    1891
22097002    1892
22097003    1893
22097004    1894
22097005    1895
22097006    1896
22097007    1897
22097008    1898
22097009    1899
22097010    1900
22097011    1901
22097016    1902
22097017    1903
22097018    1904
22097019    1905
22097020    1906
22097021    1907
22097030    1908
22097031    1909
22097035    1910
22097036    1911
22097037    1912
22097039    1913
22097040    1914
22097041    1915
22097042    1916
22098001    1917
22098002    1918
22098003    1919
22098004    1920
22098005    1921
22098006    1922
22098007    1923
22098008    1924
22098009    1925
22098010    1926
22098011    1927
22098012    1928
22098013    1929
22098014    1930
22098015    1931
22098016    1932
22098017    1933
22098054    1934
22098055    1935
22098056    1936
22098057    1937
22098060    1938
22098061    1939
22099002    1940
22099004    1941
22099005    1942
22099006    1943
22099008    1944
22099010    1945
22099011    1946
22099012    1947
22099013    1948
22099014    1949
22099015    1950
22099016    1951
22099017    1952
22099018    1953
22099019    1954
22099024    1955
22099025    1956
22099026    1957
22099027    1958
22099028    1959
22099029    1960
22099030    1961
22099031    1962
22099032    1963
22099034    1964
22099035    1965
22099036    1966
22099037    1967
22099038    1968
22099039    1969
22099040    1970
22099041    1971
22099042    1972
22099043    1973
22099044    1974
22099045    1975
22099046    1976
22100002    1977
22100003    1978
22100004    1979
22100005    1980
22100006    1981
22100008    1982
22100009    1983
22100010    1984
22100011    1985
22100012    1986
22100013    1987
22100014    1988
22100016    1989
22100017    1990
22100019    1991
22100020    1992
22100021    1993
22100022    1994
22100023    1995
22100027    1996
22100028    1997
22100030    1998
22100031    1999
22100032    2000
22100033    2001
22100034    2002
22100035    2003
22100036    2004
22100037    2005
22100038    2006
22100039    2007
22100040    2008
22100045    2009
22100047    2010
22100048    2011
22100049    2012
22101001    2013
22101002    2014
22101003    2015
22101004    2016
22101005    2017
22101006    2018
22101007    2019
22101008    2020
22101009    2021
22101010    2022
22101011    2023
22101012    2024
22101013    2025
22101014    2026
22101015    2027
22101016    2028
22101017    2029
22101018    2030
22101022    2031
22101024    2032
22101027    2033
22101028    2034
22101029    2035
22101030    2036
22101031    2037
22101032    2038
22101033    2039
22101034    2040
22101035    2041
22101036    2042
22101037    2043
22101038    2044
22101042    2045
22101043    2046
22101044    2047
22101045    2048
22101046    2049
22101047    2050
22101048    2051
22101051    2052
22101052    2053
22101053    2054
22102001    2055
22102002    2056
22102003    2057
22102004    2058
22102005    2059
22102006    2060
22102007    2061
22102008    2062
22102009    2063
22102011    2064
22102012    2065
22102013    2066
22102014    2067
22102015    2068
22102016    2069
22102017    2070
22102018    2071
22102022    2072
22102023    2073
22102024    2074
22102025    2075
22102034    2076
22102035    2077
22102036    2078
22102037    2079
22102038    2080
22102039    2081
22102040    2082
22102041    2083
22102042    2084
22102043    2085
22102044    2086
22102045    2087
22102046    2088
22103001    2089
22103002    2090
22103003    2091
22103004    2092
22103005    2093
22103006    2094
22103007    2095
22103008    2096
22103009    2097
22103010    2098
22103011    2099
22103012    2100
22103013    2101
22103014    2102
22103015    2103
22103016    2104
22103017    2105
22103018    2106
22103027    2107
22103028    2108
22103030    2109
22103031    2110
22103032    2111
22103033    2112
22103034    2113
22103035    2114
22103036    2115
22103037    2116
22103038    2117
22103039    2118
22103040    2119
22103041    2120
22103042    2121
22103043    2122
22103044    2123
22104001    2124
22104003    2125
22104004    2126
22104005    2127
22104006    2128
22104007    2129
22104008    2130
22104009    2131
22104011    2132
22104015    2133
22104016    2134
22104017    2135
22104027    2136
22104028    2137
22104029    2138
22104030    2139
22104031    2140
22104032    2141
22104033    2142
22104034    2143
22104035    2144
22104037    2145
22104038    2146
22104039    2147
22104040    2148
22104041    2149
22104042    2150
22104043    2151
22104044    2152
22104046    2153
22104047    2154
22104048    2155
22104050    2156
22105001    2157
22105002    2158
22105003    2159
22105004    2160
22105005    2161
22105006    2162
22105007    2163
22105008    2164
22105009    2165
22105010    2166
22105011    2167
22105012    2168
22105013    2169
22105014    2170
22105015    2171
22105016    2172
22105030    2173
22106001    2174
22106002    2175
22106003    2176
22106004    2177
22106005    2178
22106006    2179
22106007    2180
22106008    2181
22106009    2182
22106010    2183
22106011    2184
22106012    2185
22106013    2186
22106014    2187
22106015    2188
22106016    2189
22106017    2190
22106023    2191
22106024    2192
22106025    2193
22106032    2194
22106033    2195
22106034    2196
22106035    2197
22106037    2198
22106038    2199
22106039    2200
22106040    2201
22106044    2202
22106045    2203
22106046    2204
22106047    2205
22106048    2206
22106049    2207
22106050    2208
22106051    2209
22106052    2210
22106053    2211
22106054    2212
22106055    2213
22106057    2214
22106058    2215
22106059    2216
22107001    2217
22107002    2218
22107003    2219
22107004    2220
22107005    2221
22107006    2222
22107007    2223
22107008    2224
22107009    2225
22107012    2226
22107013    2227
22107014    2228
22107015    2229
22107016    2230
22107017    2231
22107018    2232
22107019    2233
22107020    2234
22107021    2235
22107022    2236
22107023    2237
22107024    2238
22107025    2239
22107026    2240
22107027    2241
22107033    2242
22107034    2243
22107035    2244
22107036    2245
22107037    2246
22107038    2247
22107039    2248
22107040    2249
22107041    2250
22107043    2251
22107044    2252
22107045    2253
22107047    2254
22107048    2255
22107050    2256
22107051    2257
22107052    2258
22108001    2259
22108002    2260
22108003    2261
22108004    2262
22108005    2263
22108006    2264
22108007    2265
22108008    2266
22108009    2267
22108010    2268
22108011    2269
22108012    2270
22108013    2271
22108014    2272
22108015    2273
22108024    2274
22108025    2275
22108026    2276
22108027    2277
22108028    2278
22108029    2279
22108030    2280
22108031    2281
22108032    2282
22108034    2283
22108035    2284
22108036    2285
22108038    2286
22108042    2287
22108044    2288
22108045    2289
22108046    2290
22108047    2291
22108048    2292
22108049    2293
22108050    2294
22109001    2295
22109002    2296
22109003    2297
22109004    2298
22109005    2299
22109006    2300
22109007    2301
22109008    2302
22109009    2303
22109010    2304
22109011    2305
22109012    2306
22109013    2307
22109014    2308
22109015    2309
22109016    2310
22109017    2311
22109018    2312
22109024    2313
22109025    2314
22109026    2315
22109032    2316
22109033    2317
22109034    2318
22109035    2319
22109036    2320
22109037    2321
22109038    2322
22109041    2323
22109043    2324
22109044    2325
22109045    2326
22109046    2327
22109047    2328
22109048    2329
22109049    2330
22109050    2331
22109051    2332
22110002    2333
22110003    2334
22110004    2335
22110005    2336
22110007    2337
22110008    2338
22110009    2339
22110010    2340
22110012    2341
22110013    2342
22110014    2343
22110015    2344
22110016    2345
22110017    2346
22110018    2347
22110019    2348
22110020    2349
22110021    2350
22110023    2351
22110025    2352
22110026    2353
22110027    2354
22110028    2355
22110032    2356
22110033    2357
22110034    2358
22110038    2359
22110039    2360
22110040    2361
22110041    2362
22110042    2363
22110043    2364
22110044    2365
22110045    2366
22110046    2367
22110047    2368
22110048    2369
22110049    2370
22110050    2371
22110051    2372
22110052    2373
22110053    2374
22110054    2375
22111001    2376
22111002    2377
22111003    2378
22111004    2379
22111005    2380
22111006    2381
22111008    2382
22111009    2383
22111010    2384
22111011    2385
22111012    2386
22111013    2387
22111014    2388
22111015    2389
22111047    2390
22111048    2391
22111050    2392
22111052    2393
22111053    2394
22111054    2395
22111055    2396
22111056    2397
22111057    2398
22111058    2399
22111059    2400
22111060    2401
22111061    2402
22111062    2403
22111063    2404
22111064    2405
22111065    2406
22112001    2407
22112002    2408
22112003    2409
22112004    2410
22112005    2411
22112007    2412
22112008    2413
22112009    2414
22112010    2415
22112011    2416
22112012    2417
22112013    2418
22112021    2419
22112022    2420
22113001    2421
22113002    2422
22113003    2423
22113004    2424
22113005    2425
22113006    2426
22113007    2427
22113008    2428
22113009    2429
22113010    2430
22113011    2431
22113012    2432
22113013    2433
22113014    2434
22113015    2435
22113029    2436
22113031    2437
22113032    2438
22113033    2439
22113034    2440
22113035    2441
22113036    2442
22113037    2443
22113038    2444
22113040    2445
22114001    2446
22114002    2447
22114003    2448
22114004    2449
22114005    2450
22114006    2451
22114007    2452
22114008    2453
22114009    2454
22114010    2455
22114011    2456
22114012    2457
22114013    2458
22114014    2459
22114015    2460
22114016    2461
22114017    2462
22114018    2463
22114019    2464
22114020    2465
22114021    2466
22114026    2467
22114027    2468
22114028    2469
22114029    2470
22114030    2471
22114033    2472
22114034    2473
22114035    2474
22114036    2475
22114037    2476
22114038    2477
22114039    2478
22114040    2479
22114041    2480
22114042    2481
22114043    2482
22114044    2483
22114045    2484
22114046    2485
22114047    2486
22114048    2487
22114049    2488
22115001    2489
22115002    2490
22115003    2491
22115004    2492
22115005    2493
22115006    2494
22115007    2495
22115008    2496
22115009    2497
22115010    2498
22115011    2499
22115013    2500
22115014    2501
22115015    2502
22115016    2503
22115017    2504
22115019    2505
22115020    2506
22115021    2507
22115022    2508
22115024    2509
22115032    2510
22115033    2511
22115035    2512
22115037    2513
22115038    2514
22115039    2515
22115040    2516
22115041    2517
22115042    2518
22115043    2519
22115044    2520
22115046    2521
22115047    2522
22115048    2523
22115049    2524
22115050    2525
22115051    2526
22115052    2527
22116001    2528
22116002    2529
22116003    2530
22116004    2531
22116005    2532
22116006    2533
22116007    2534
22116008    2535
22116009    2536
22116010    2537
22116011    2538
22116012    2539
22116013    2540
22116014    2541
22116015    2542
22116025    2543
22116026    2544
22116030    2545
22116031    2546
22116032    2547
22116033    2548
22116034    2549
22116035    2550
22116036    2551
22116037    2552
22116038    2553
22116039    2554
22116040    2555
22116041    2556
22116042    2557
22116043    2558
22116044    2559
22116045    2560
22116046    2561
22116047    2562
22116048    2563
22116049    2564
22117001    2565
22117002    2566
22117003    2567
22117004    2568
22117005    2569
22117006    2570
22117007    2571
22117008    2572
22117009    2573
22117010    2574
22117011    2575
22117012    2576
22117014    2577
22117015    2578
22117016    2579
22117017    2580
22117018    2581
22117019    2582
22117021    2583
22117022    2584
22117023    2585
22117024    2586
22117028    2587
22117029    2588
22117030    2589
22117031    2590
22117032    2591
22117033    2592
22117034    2593
22117035    2594
22117036    2595
22117037    2596
22117038    2597
22117039    2598
22117040    2599
22117041    2600
22117042    2601
22117043    2602
22117044    2603
22117045    2604
22117046    2605
22117047    2606
22117048    2607
22118001    2608
22118002    2609
22118003    2610
22118004    2611
22118005    2612
22118006    2613
22118007    2614
22118008    2615
22118009    2616
22118010    2617
22118011    2618
22118012    2619
22118013    2620
22118014    2621
22118015    2622
22118058    2623
22118059    2624
22118060    2625
22118061    2626
22118062    2627
22119001    2628
22119002    2629
22119003    2630
22119004    2631
22119005    2632
22119006    2633
22119007    2634
22119008    2635
22119009    2636
22119010    2637
22119011    2638
22119012    2639
22119013    2640
22119014    2641
22119015    2642
22120001    2643
22120002    2644
22120003    2645
22120004    2646
22120006    2647
22120007    2648
22120008    2649
22120009    2650
22120010    2651
22120011    2652
22120012    2653
22120013    2654
22120014    2655
22120015    2656
22120017    2657
22120018    2658
22120019    2659
22120021    2660
22120022    2661
22120023    2662
22120024    2663
22120025    2664
22120031    2665
22120033    2666
22120034    2667
22120036    2668
22120038    2669
22120039    2670
22120040    2671
22120041    2672
22120042    2673
22120043    2674
22120044    2675
22120045    2676
22120046    2677
22120047    2678
22120048    2679
22121002    2680
22121003    2681
22121004    2682
22121005    2683
22121007    2684
22121008    2685
22121009    2686
22121010    2687
22121011    2688
22121012    2689
22121013    2690
22121014    2691
22121015    2692
22121016    2693
22121017    2694
22121018    2695
