20057003
20057005
20057007
20057008
20057011
20057013
20057027
20057028
20057029
20057033
20058001
20058002
20060012
20060025
20062007
20062009
20062010
20062011
20062012
20063015
20063023
20063055
20065010
20065017
20066015
20067022
20067038
20068001
20068029
20069029
20069044
20070042
20070043
20070044
20071001
20072034
20072035
20072037
20072038
20072039
20072045
20072046
20072047
20072048
20072050
20072051
20072054
20072055
20072056
20073001
20073002
20073003
20073005
20073006
20073007
20073008
20073011
20073013
20073015
20073016
20073017
20073018
20073019
20073021
20073022
20073023
20073024
20073025
20073026
20073071
20073072
20073074
20073076
20074001
20074002
20074003
20074004
20074005
20074006
20074007
20074008
20074009
20074010
20074011
20074012
20074014
20074016
20074017
20074018
20074019
20074020
20074021
20074023
20074026
20074027
20074029
20074030
20074032
20074033
20075004
20078007
20079044
20081010
20082047
20083009
20084001
20084008
20088038
20093018
20093024
