20056032    0
20056040    1
20057003    2
20057004    3
20057005    4
20057006    5
20057007    6
20057008    7
20057009    8
20057011    9
20057012    10
20057013    11
20057014    12
20057015    13
20057016    14
20057025    15
20057026    16
20057027    17
20057028    18
20057029    19
20057032    20
20057033    21
20057037    22
20057038    23
20057039    24
20057040    25
20057043    26
20057044    27
20057046    28
20057047    29
20057048    30
20057049    31
20057050    32
20058001    33
20058002    34
20058003    35
20058004    36
20058005    37
20059001    38
20059016    39
20059017    40
20059018    41
20059060    42
20059061    43
20059062    44
20059073    45
20060001    46
20060003    47
20060004    48
20060005    49
20060012    50
20060017    51
20060018    52
20060019    53
20060020    54
20060022    55
20060023    56
20060024    57
20060025    58
20060026    59
20060027    60
20060045    61
20060046    62
20060059    63
20060060    64
20060061    65
20060062    66
20060063    67
20060064    68
20060065    69
20060066    70
20060067    71
20060068    72
20060069    73
20060070    74
20061001    75
20061003    76
20061004    77
20061005    78
20061006    79
20061007    80
20061008    81
20061009    82
20061015    83
20061016    84
20061017    85
20061018    86
20061021    87
20061023    88
20061024    89
20061028    90
20061029    91
20061030    92
20061031    93
20061032    94
20061033    95
20061034    96
20061035    97
20061036    98
20061037    99
20061038    100
20061039    101
20061040    102
20061042    103
20061043    104
20061045    105
20062001    106
20062002    107
20062003    108
20062004    109
20062005    110
20062006    111
20062007    112
20062009    113
20062010    114
20062011    115
20062012    116
20062013    117
20062014    118
20062015    119
20062017    120
20062018    121
20062019    122
20062036    123
20062037    124
20062038    125
20062041    126
20062042    127
20062043    128
20062044    129
20062045    130
20062046    131
20062047    132
20062048    133
20062049    134
20062051    135
20062054    136
20062055    137
20062056    138
20062057    139
20062059    140
20063002    141
20063004    142
20063005    143
20063007    144
20063008    145
20063009    146
20063010    147
20063011    148
20063012    149
20063013    150
20063015    151
20063017    152
20063018    153
20063019    154
20063020    155
20063021    156
20063023    157
20063028    158
20063029    159
20063032    160
20063033    161
20063034    162
20063035    163
20063036    164
20063037    165
20063039    166
20063040    167
20063042    168
20063043    169
20063044    170
20063048    171
20063050    172
20063052    173
20063053    174
20063055    175
20063057    176
20063059    177
20064002    178
20064004    179
20064005    180
20064006    181
20064007    182
20064008    183
20064009    184
20064011    185
20064012    186
20064013    187
20064014    188
20064015    189
20064016    190
20064017    191
20064020    192
20064022    193
20064025    194
20064030    195
20064032    196
20064033    197
20064034    198
20064037    199
20064038    200
20064040    201
20064042    202
20064044    203
20064045    204
20064047    205
20064050    206
20064051    207
20064052    208
20065001    209
20065004    210
20065005    211
20065006    212
20065007    213
20065008    214
20065009    215
20065010    216
20065012    217
20065015    218
20065017    219
20065018    220
20065019    221
20065056    222
20065057    223
20065058    224
20065060    225
20065061    226
20065062    227
20065063    228
20066001    229
20066003    230
20066004    231
20066005    232
20066006    233
20066007    234
20066008    235
20066009    236
20066010    237
20066012    238
20066013    239
20066015    240
20066017    241
20066018    242
20066019    243
20066020    244
20066021    245
20066023    246
20066024    247
20066025    248
20066026    249
20066027    250
20066028    251
20066070    252
20066072    253
20066073    254
20066074    255
20066076    256
20066078    257
20066080    258
20066081    259
20066082    260
20067001    261
20067002    262
20067003    263
20067004    264
20067005    265
20067007    266
20067008    267
20067009    268
20067010    269
20067011    270
20067012    271
20067013    272
20067014    273
20067015    274
20067016    275
20067017    276
20067018    277
20067019    278
20067020    279
20067022    280
20067023    281
20067024    282
20067028    283
20067029    284
20067030    285
20067031    286
20067038    287
20067039    288
20067040    289
20067041    290
20067044    291
20067045    292
20067046    293
20067047    294
20067048    295
20067049    296
20067051    297
20068001    298
20068002    299
20068003    300
20068004    301
20068005    302
20068007    303
20068008    304
20068009    305
20068010    306
20068011    307
20068012    308
20068013    309
20068014    310
20068017    311
20068019    312
20068020    313
20068022    314
20068023    315
20068025    316
20068028    317
20068029    318
20068030    319
20068034    320
20068035    321
20068036    322
20068037    323
20068049    324
20068050    325
20068051    326
20068052    327
20068053    328
20068055    329
20068056    330
20068057    331
20068058    332
20068059    333
20068060    334
20068062    335
20068063    336
20068064    337
20068065    338
20068066    339
20069001    340
20069002    341
20069003    342
20069004    343
20069005    344
20069006    345
20069007    346
20069008    347
20069009    348
20069010    349
20069011    350
20069020    351
20069021    352
20069022    353
20069023    354
20069024    355
20069025    356
20069026    357
20069027    358
20069028    359
20069029    360
20069030    361
20069031    362
20069032    363
20069033    364
20069034    365
20069035    366
20069036    367
20069037    368
20069038    369
20069042    370
20069043    371
20069044    372
20069045    373
20069046    374
20069050    375
20069051    376
20069052    377
20069053    378
20069054    379
20069055    380
20069057    381
20069058    382
20069059    383
20069060    384
20069061    385
20069062    386
20070002    387
20070003    388
20070004    389
20070005    390
20070006    391
20070007    392
20070010    393
20070011    394
20070012    395
20070013    396
20070014    397
20070015    398
20070016    399
20070017    400
20070018    401
20070019    402
20070020    403
20070021    404
20070037    405
20070038    406
20070039    407
20070040    408
20070041    409
20070042    410
20070043    411
20070044    412
20070045    413
20070047    414
20071001    415
20071003    416
20071004    417
20071005    418
20071006    419
20071007    420
20071008    421
20071009    422
20071010    423
20071011    424
20071012    425
20071013    426
20071014    427
20071015    428
20071016    429
20071017    430
20071018    431
20071020    432
20071021    433
20071022    434
20071024    435
20071025    436
20071026    437
20071027    438
20071029    439
20071030    440
20071031    441
20071036    442
20071037    443
20071038    444
20071040    445
20071041    446
20071042    447
20071043    448
20071044    449
20071045    450
20071046    451
20071047    452
20071048    453
20071049    454
20071050    455
20071051    456
20071052    457
20071053    458
20071054    459
20071055    460
20071056    461
20071057    462
20071058    463
20071059    464
20071061    465
20071062    466
20071063    467
20071065    468
20072001    469
20072002    470
20072003    471
20072004    472
20072005    473
20072006    474
20072007    475
20072008    476
20072009    477
20072010    478
20072011    479
20072012    480
20072013    481
20072014    482
20072016    483
20072017    484
20072018    485
20072034    486
20072035    487
20072036    488
20072037    489
20072038    490
20072039    491
20072041    492
20072045    493
20072046    494
20072047    495
20072048    496
20072050    497
20072051    498
20072054    499
20072055    500
20072056    501
20073001    502
20073002    503
20073003    504
20073005    505
20073006    506
20073007    507
20073008    508
20073011    509
20073013    510
20073015    511
20073016    512
20073017    513
20073018    514
20073019    515
20073021    516
20073022    517
20073023    518
20073024    519
20073025    520
20073026    521
20073027    522
20073071    523
20073072    524
20073074    525
20073076    526
20074001    527
20074002    528
20074003    529
20074004    530
20074005    531
20074006    532
20074007    533
20074008    534
20074009    535
20074010    536
20074011    537
20074012    538
20074014    539
20074016    540
20074017    541
20074018    542
20074019    543
20074020    544
20074021    545
20074023    546
20074026    547
20074027    548
20074029    549
20074030    550
20074032    551
20074033    552
20074034    553
20074043    554
20074044    555
20074045    556
20074046    557
20075001    558
20075002    559
20075004    560
20075006    561
20075007    562
20075008    563
20075009    564
20075011    565
20075012    566
20075013    567
20075015    568
20075018    569
20075019    570
20075020    571
20075021    572
20075023    573
20075027    574
20075028    575
20075031    576
20075032    577
20075033    578
20075034    579
20075035    580
20075036    581
20075037    582
20075039    583
20075040    584
20075042    585
20075043    586
20075044    587
20075046    588
20075047    589
20075048    590
20075049    591
20075050    592
20075051    593
20075052    594
20075054    595
20075055    596
20075056    597
20075057    598
20075058    599
20075059    600
20075060    601
20075061    602
20075062    603
20075064    604
20075065    605
20075066    606
20075067    607
20075068    608
20076001    609
20076002    610
20076003    611
20076004    612
20076005    613
20076006    614
20076007    615
20076008    616
20076009    617
20076010    618
20076011    619
20076012    620
20076013    621
20076014    622
20076015    623
20076016    624
20076017    625
20076018    626
20076019    627
20076021    628
20076022    629
20076023    630
20076025    631
20076026    632
20076027    633
20076028    634
20076029    635
20076030    636
20076031    637
20076032    638
20076033    639
20076034    640
20076035    641
20076036    642
20076037    643
20076038    644
20076039    645
20076040    646
20076042    647
20076043    648
20076045    649
20076046    650
20076047    651
20076048    652
20076049    653
20076050    654
20076051    655
20076052    656
20076053    657
20076054    658
20076055    659
20076056    660
20076057    661
20076059    662
20076061    663
20076063    664
20077001    665
20077002    666
20077003    667
20077004    668
20077005    669
20077006    670
20077007    671
20077008    672
20077009    673
20077010    674
20077011    675
20077012    676
20077013    677
20077014    678
20077015    679
20077016    680
20077017    681
20077018    682
20077019    683
20077020    684
20077021    685
20077034    686
20077035    687
20078001    688
20078003    689
20078004    690
20078005    691
20078006    692
20078007    693
20078011    694
20078012    695
20078013    696
20078014    697
20078015    698
20078016    699
20078017    700
20078018    701
20078019    702
20078020    703
20078021    704
20078022    705
20078023    706
20078024    707
20078026    708
20078028    709
20078029    710
20078030    711
20078032    712
20078033    713
20078034    714
20078035    715
20078038    716
20078039    717
20078040    718
20078041    719
20078042    720
20078043    721
20078044    722
20078045    723
20078046    724
20078047    725
20078048    726
20078049    727
20078051    728
20078052    729
20078053    730
20078054    731
20078055    732
20078056    733
20078057    734
20078058    735
20078059    736
20078060    737
20078061    738
20078062    739
20078063    740
20078064    741
20078065    742
20078067    743
20079002    744
20079004    745
20079006    746
20079007    747
20079008    748
20079009    749
20079010    750
20079011    751
20079013    752
20079014    753
20079015    754
20079016    755
20079017    756
20079018    757
20079019    758
20079020    759
20079021    760
20079022    761
20079023    762
20079024    763
20079027    764
20079028    765
20079044    766
20079045    767
20079046    768
20080003    769
20080004    770
20080006    771
20080007    772
20080008    773
20080009    774
20080010    775
20080011    776
20080012    777
20080013    778
20080014    779
20080015    780
20080016    781
20080017    782
20080018    783
20080019    784
20080020    785
20080022    786
20080023    787
20080024    788
20080025    789
20080030    790
20080031    791
20080032    792
20081001    793
20081002    794
20081003    795
20081004    796
20081005    797
20081006    798
20081007    799
20081008    800
20081009    801
20081010    802
20081012    803
20081013    804
20081014    805
20081015    806
20081016    807
20081017    808
20081018    809
20081019    810
20081021    811
20081025    812
20081026    813
20081027    814
20081032    815
20081033    816
20082001    817
20082002    818
20082003    819
20082004    820
20082005    821
20082006    822
20082007    823
20082008    824
20082010    825
20082011    826
20082012    827
20082013    828
20082014    829
20082015    830
20082016    831
20082017    832
20082018    833
20082019    834
20082020    835
20082021    836
20082024    837
20082025    838
20082026    839
20082027    840
20082029    841
20082030    842
20082031    843
20082034    844
20082035    845
20082036    846
20082038    847
20082041    848
20082043    849
20082047    850
20082048    851
20082049    852
20082050    853
20082051    854
20082052    855
20082053    856
20082054    857
20082055    858
20082056    859
20082057    860
20082058    861
20082059    862
20082060    863
20082061    864
20082062    865
20082063    866
20082065    867
20082066    868
20082067    869
20082068    870
20083001    871
20083002    872
20083003    873
20083004    874
20083006    875
20083009    876
20083010    877
20083011    878
20083014    879
20083017    880
20083019    881
20083020    882
20083021    883
20083022    884
20083023    885
20083024    886
20083025    887
20083026    888
20083027    889
20083029    890
20083030    891
20083031    892
20083032    893
20083033    894
20083034    895
20083072    896
20083073    897
20083074    898
20083075    899
20083076    900
20083077    901
20083078    902
20083079    903
20083080    904
20083081    905
20084001    906
20084002    907
20084003    908
20084004    909
20084005    910
20084007    911
20084008    912
20084009    913
20084010    914
20084011    915
20084012    916
20084013    917
20084014    918
20084015    919
20084016    920
20084017    921
20084018    922
20084022    923
20084023    924
20084024    925
20085001    926
20085002    927
20085003    928
20085004    929
20085005    930
20085006    931
20085007    932
20085008    933
20085009    934
20085010    935
20085011    936
20085013    937
20085016    938
20085017    939
20085018    940
20085050    941
20086001    942
20086002    943
20086003    944
20086004    945
20086005    946
20086006    947
20086007    948
20086008    949
20086009    950
20086010    951
20086011    952
20086012    953
20086014    954
20086015    955
20086016    956
20086017    957
20086046    958
20086047    959
20086051    960
20086053    961
20087001    962
20087002    963
20087003    964
20087004    965
20087005    966
20087006    967
20087007    968
20087008    969
20087009    970
20087010    971
20087011    972
20087012    973
20087014    974
20087017    975
20087018    976
20087019    977
20087020    978
20087021    979
20087022    980
20087023    981
20088001    982
20088002    983
20088003    984
20088004    985
20088005    986
20088006    987
20088008    988
20088009    989
20088010    990
20088011    991
20088012    992
20088013    993
20088014    994
20088015    995
20088016    996
20088028    997
20088029    998
20088030    999
20088031    1000
20088032    1001
20088033    1002
20088034    1003
20088036    1004
20088037    1005
20088038    1006
20089002    1007
20089003    1008
20089004    1009
20089005    1010
20089006    1011
20089007    1012
20089008    1013
20089009    1014
20089010    1015
20089011    1016
20089012    1017
20089013    1018
20089014    1019
20089015    1020
20089016    1021
20089017    1022
20089018    1023
20089019    1024
20089020    1025
20089026    1026
20089027    1027
20089028    1028
20089029    1029
20090001    1030
20090002    1031
20090003    1032
20090004    1033
20090005    1034
20090006    1035
20090007    1036
20090008    1037
20090009    1038
20090010    1039
20090011    1040
20090012    1041
20090013    1042
20090014    1043
20090015    1044
20090016    1045
20090017    1046
20090018    1047
20090019    1048
20090020    1049
20090021    1050
20090022    1051
20090023    1052
20090024    1053
20090025    1054
20090026    1055
20090031    1056
20090035    1057
20090046    1058
20090047    1059
20090048    1060
20091001    1061
20091002    1062
20091003    1063
20091004    1064
20091005    1065
20091006    1066
20091007    1067
20091008    1068
20091009    1069
20091010    1070
20091011    1071
20091012    1072
20091013    1073
20091014    1074
20091015    1075
20091016    1076
20091017    1077
20091018    1078
20091020    1079
20091021    1080
20091022    1081
20091023    1082
20092003    1083
20092004    1084
20092005    1085
20092006    1086
20092007    1087
20092008    1088
20092009    1089
20092010    1090
20092011    1091
20092012    1092
20092013    1093
20092014    1094
20092015    1095
20092016    1096
20092017    1097
20092018    1098
20092019    1099
20092020    1100
20092021    1101
20092022    1102
20092023    1103
20092024    1104
20092025    1105
20092026    1106
20092027    1107
20092028    1108
20092029    1109
20092030    1110
20092031    1111
20092032    1112
20092033    1113
20092035    1114
20092036    1115
20092037    1116
20092038    1117
20092039    1118
20092044    1119
20092050    1120
20092051    1121
20092052    1122
20092053    1123
20092054    1124
20092055    1125
20092056    1126
20092057    1127
20092060    1128
20092061    1129
20093001    1130
20093002    1131
20093003    1132
20093005    1133
20093009    1134
20093010    1135
20093011    1136
20093012    1137
20093016    1138
20093017    1139
20093018    1140
20093024    1141
20093025    1142
20093035    1143
20093036    1144
