20094048    0
20094051    1
20094052    2
20094053    3
20094054    4
20094055    5
20094056    6
20094057    7
20094058    8
20094059    9
20094061    10
20094065    11
20094069    12
20094070    13
20094071    14
20094075    15
20094076    16
20094077    17
20094078    18
20094080    19
20094081    20
20094082    21
20094084    22
20094088    23
20094090    24
20094092    25
20094093    26
20094094    27
20094096    28
20094100    29
20094101    30
20094102    31
20094103    32
20094106    33
20094107    34
20095005    35
20095006    36
20095007    37
20095009    38
20095010    39
20095012    40
20095013    41
20095016    42
20095017    43
20095019    44
20096001    45
20096002    46
20096003    47
20096004    48
20096005    49
20096006    50
20096007    51
20096009    52
20096013    53
20096014    54
20096015    55
20096019    56
20096020    57
20096021    58
20096022    59
20096025    60
20096026    61
20096027    62
20096028    63
20096029    64
20097001    65
20097003    66
20097004    67
20097006    68
20097007    69
20097008    70
20097009    71
20097010    72
20097012    73
20097013    74
20097015    75
20097016    76
20097018    77
20097019    78
20097020    79
20097022    80
20097023    81
20097024    82
20097025    83
20097026    84
20097030    85
20097031    86
20097032    87
20097033    88
20097034    89
20098001    90
20098002    91
20098003    92
20098004    93
20098005    94
20098006    95
20098007    96
20098008    97
20098009    98
20098010    99
20098011    100
20098012    101
20098013    102
20098014    103
20098015    104
20098016    105
20098017    106
20098018    107
20098019    108
20098020    109
20098021    110
20099016    111
20099017    112
20099018    113
20099020    114
20099021    115
20099022    116
20099023    117
20099024    118
20099032    119
20099033    120
20099034    121
20099035    122
20099038    123
20099039    124
20099040    125
20099041    126
20099042    127
20099043    128
20099044    129
20099045    130
20099048    131
20099052    132
20099053    133
20099054    134
20099055    135
20099056    136
20100001    137
20100005    138
20100006    139
20100007    140
20100010    141
20100013    142
20100014    143
20100015    144
20100016    145
20100017    146
20100018    147
20100019    148
20100020    149
20100021    150
20100022    151
20100084    152
20100085    153
20100088    154
20100089    155
20100090    156
20100092    157
20100093    158
20100094    159
20100095    160
20100099    161
20100102    162
20101002    163
20101004    164
20101005    165
20101006    166
20101007    167
20101014    168
20101015    169
20101016    170
20101017    171
20101018    172
20101019    173
20101021    174
20101022    175
20101023    176
20101024    177
20101032    178
20101033    179
20101034    180
20101035    181
20101038    182
20101040    183
20102001    184
20102002    185
20102003    186
20102004    187
20102005    188
20102006    189
20102007    190
20102008    191
20102013    192
20102014    193
20102015    194
20102016    195
20102017    196
20102020    197
20102030    198
20102032    199
20102033    200
20102034    201
20102035    202
20102036    203
20102053    204
20102055    205
20102056    206
20102057    207
20102065    208
20102066    209
20102067    210
20103001    211
20103002    212
20103003    213
20103004    214
20103005    215
20103006    216
20103007    217
20103008    218
20103010    219
20103011    220
20103012    221
20103013    222
20103016    223
20103017    224
20103037    225
20104001    226
20104002    227
20104003    228
20104004    229
20104006    230
20104007    231
20104012    232
20104013    233
20104014    234
20104015    235
20104016    236
20104018    237
20104019    238
20104020    239
20104021    240
20104022    241
20104023    242
20104025    243
20104026    244
20104027    245
20104028    246
20104029    247
20104030    248
20105035    249
20105036    250
20105037    251
20106001    252
20106003    253
20106007    254
20106008    255
20106009    256
20106010    257
20106013    258
20106014    259
20106016    260
20106017    261
20106018    262
20106019    263
20106020    264
20106022    265
20106025    266
20106026    267
20106027    268
20106032    269
20106033    270
20106034    271
20106035    272
20106036    273
20107001    274
20107002    275
20107003    276
20107004    277
20107006    278
20107007    279
20107008    280
20107009    281
20107011    282
20107012    283
20107013    284
20107014    285
20107015    286
20107016    287
20107017    288
20107018    289
20107020    290
20107021    291
20107022    292
20107023    293
20107024    294
20107025    295
20107026    296
20107030    297
20107031    298
20108001    299
20108003    300
20108004    301
20108005    302
20108006    303
20108007    304
20108008    305
20108009    306
20108010    307
20108011    308
20108012    309
20108013    310
20108014    311
20108015    312
20108016    313
20108017    314
20108018    315
20108019    316
20108020    317
20108021    318
20108022    319
20108023    320
20108024    321
20108025    322
20108027    323
20108028    324
20110001    325
20110002    326
20110003    327
20110006    328
20110007    329
20110008    330
20110009    331
20110010    332
20110011    333
20110013    334
20110014    335
20110015    336
20110016    337
20110017    338
20110018    339
20110019    340
20110020    341
20110021    342
20110022    343
20110024    344
20110025    345
20110026    346
20110027    347
20110029    348
20110030    349
20110032    350
20110033    351
20110036    352
20110038    353
20110039    354
20110041    355
20110042    356
20110043    357
20110045    358
20110046    359
20110047    360
20110048    361
20110049    362
20110051    363
20110052    364
20110053    365
20111001    366
20111002    367
20111003    368
20111004    369
20111005    370
20111009    371
20111010    372
20111012    373
20111013    374
20111014    375
20111015    376
20111016    377
20111017    378
20111018    379
20111019    380
20111020    381
20111021    382
20111022    383
20111023    384
20111024    385
20111025    386
20111026    387
20111027    388
20111028    389
20111029    390
20111030    391
20111031    392
20111032    393
20111033    394
20111034    395
20111036    396
20111037    397
20111038    398
20111039    399
20111040    400
20111041    401
20111042    402
20111045    403
20111047    404
20111048    405
20111050    406
20111051    407
20111052    408
20111053    409
20111054    410
20111056    411
20111057    412
20111058    413
20111059    414
20112001    415
20112002    416
20112003    417
20112004    418
20112005    419
20112006    420
20112007    421
20112008    422
20112009    423
20112010    424
20112011    425
20112012    426
20112013    427
20112014    428
20112015    429
20112016    430
20112026    431
20112027    432
20112028    433
20112029    434
20113001    435
20113002    436
20113003    437
20113004    438
20113005    439
20113009    440
20113010    441
20113011    442
20113012    443
20113013    444
20113014    445
20113015    446
20113018    447
20113019    448
20113020    449
20113021    450
20113022    451
20113023    452
20113026    453
20113028    454
20113029    455
20113030    456
20113031    457
20113032    458
20113033    459
20113034    460
20113035    461
20113036    462
20113037    463
20113038    464
20113039    465
20113040    466
20113041    467
20113051    468
20113052    469
20113053    470
20113054    471
20113055    472
20113056    473
20113059    474
20113060    475
20113061    476
20113062    477
20113063    478
20113064    479
20113066    480
20113067    481
20113068    482
20113069    483
20113070    484
20113071    485
20113074    486
20113075    487
20113076    488
20113077    489
20113079    490
20113080    491
20113081    492
20113082    493
20113083    494
20113084    495
20113085    496
20113088    497
20113089    498
20113090    499
20113091    500
20113094    501
20113095    502
20113096    503
20113097    504
20114001    505
20114002    506
20114003    507
20114004    508
20114005    509
20114006    510
20114007    511
20114008    512
20114009    513
20114010    514
20114025    515
20114026    516
20114028    517
20114029    518
20114030    519
20114031    520
20114032    521
20114036    522
20114037    523
20114038    524
20114039    525
20114040    526
20114041    527
20115001    528
20115002    529
20115003    530
20115005    531
20115006    532
20115007    533
20115008    534
20115011    535
20115012    536
20115013    537
20115014    538
20115015    539
20115016    540
20115017    541
20115018    542
20117002    543
20117003    544
20117004    545
20117005    546
20117007    547
20117008    548
20117009    549
20117010    550
20117011    551
20117012    552
20117013    553
20117014    554
20117015    555
20117016    556
20117017    557
20117018    558
20117019    559
20117020    560
20117021    561
20117022    562
20117023    563
20117024    564
20117025    565
20117030    566
20117031    567
20117035    568
20117036    569
20117037    570
20117038    571
20117039    572
20117041    573
20117042    574
20117043    575
20117047    576
20117048    577
20117051    578
20117052    579
20117055    580
20117056    581
20117058    582
20118005    583
20118006    584
20118008    585
20118009    586
20118010    587
20118011    588
20118012    589
20118013    590
20118014    591
20118015    592
20118021    593
20118031    594
20118032    595
20118033    596
20118034    597
20118036    598
20118037    599
20118038    600
20118039    601
20118040    602
20118041    603
20118042    604
20118045    605
20118046    606
20118047    607
20118048    608
20118049    609
20118051    610
20118052    611
20118053    612
20118054    613
20118056    614
20118057    615
20118066    616
20118067    617
20118068    618
20118069    619
20118070    620
20118071    621
20118073    622
20118080    623
20118081    624
20118082    625
20118085    626
20118086    627
20118087    628
20118090    629
20118091    630
20118092    631
20119005    632
20119007    633
20119008    634
20119009    635
20119010    636
20119011    637
20119012    638
20119013    639
20119014    640
20119015    641
20119016    642
20119017    643
20119019    644
20119020    645
20119021    646
20119022    647
20119023    648
20119024    649
20119025    650
20119026    651
20119028    652
20119053    653
20119054    654
20119055    655
20120001    656
20120002    657
20120003    658
20120004    659
20120005    660
20120006    661
20120007    662
20120008    663
20120010    664
20120011    665
20120012    666
20120014    667
20120015    668
20120016    669
20120017    670
20120018    671
20120019    672
20120020    673
20120021    674
20120022    675
20120027    676
20120028    677
20120029    678
20120032    679
20120033    680
20120034    681
20120035    682
20120036    683
20120037    684
20120038    685
20120039    686
20120040    687
20120041    688
20120042    689
20120045    690
20120046    691
20120047    692
20120048    693
20120049    694
20120050    695
20121001    696
20121002    697
20121003    698
20121004    699
20121005    700
20121006    701
20121007    702
20121008    703
20121010    704
20121011    705
20121012    706
20121013    707
20121015    708
20121017    709
20121018    710
20121019    711
20121020    712
20121021    713
20121047    714
20122001    715
20122002    716
20122003    717
20122004    718
20122005    719
20122006    720
20122007    721
20122008    722
20122009    723
20122010    724
20122011    725
20122012    726
20122013    727
20122014    728
20122015    729
20122016    730
20122018    731
20122019    732
20122020    733
20122021    734
20122022    735
20122023    736
20122024    737
20122025    738
20122038    739
20123002    740
20123004    741
20123005    742
20123006    743
20123007    744
20123008    745
20123009    746
20123010    747
20123011    748
20123012    749
20123013    750
20123014    751
20123015    752
20123016    753
20123017    754
20123018    755
20123038    756
20123041    757
20123042    758
20123043    759
20124001    760
20124002    761
20124003    762
20124004    763
20124005    764
20124006    765
20124007    766
20124010    767
20124011    768
20124012    769
20124013    770
20124014    771
20124015    772
20124016    773
20124017    774
20124018    775
20124019    776
20124020    777
20124021    778
20124022    779
20124023    780
20124029    781
20124030    782
20124037    783
20124039    784
20124040    785
20124041    786
20124042    787
20124043    788
20124044    789
20124045    790
20124046    791
20124051    792
20124056    793
20124058    794
20124059    795
20124060    796
20124061    797
20124062    798
20124063    799
20124064    800
20124065    801
20124066    802
20124067    803
20124068    804
20124069    805
20124070    806
20124071    807
20124072    808
20124073    809
20124074    810
20124076    811
20124077    812
20124078    813
20124079    814
20125002    815
20125003    816
20125004    817
20125005    818
20125006    819
20125007    820
20125008    821
20125009    822
20125010    823
20125012    824
20125013    825
20125014    826
20125015    827
20125016    828
20125017    829
20125018    830
20125019    831
20125020    832
20125022    833
20125023    834
20125024    835
20125025    836
20125026    837
20125027    838
20125028    839
20125029    840
20125032    841
20125033    842
20125034    843
20125035    844
20125036    845
20125037    846
20125038    847
20125039    848
20125040    849
20125041    850
20125042    851
20125043    852
20125044    853
20125046    854
20125047    855
20125048    856
20125049    857
20125050    858
20125051    859
20125052    860
20125053    861
20125054    862
20125055    863
20125056    864
20125057    865
20125058    866
20125059    867
20126007    868
20126008    869
20126009    870
20126010    871
20126012    872
20126013    873
20126014    874
20126015    875
20126016    876
20126017    877
20126018    878
20126019    879
20126020    880
20126021    881
20126022    882
20126023    883
20126024    884
20126025    885
20126026    886
20126027    887
20126028    888
20126029    889
20127006    890
20127007    891
20127008    892
20127010    893
20127011    894
20127012    895
20127020    896
20127021    897
20127022    898
20127023    899
20127024    900
20127025    901
20127026    902
20127027    903
20127028    904
20127030    905
20127031    906
20127032    907
20127035    908
20127036    909
20127037    910
20127038    911
20127039    912
20127040    913
20127041    914
20127042    915
20127043    916
20127044    917
20127045    918
20127046    919
20127047    920
20127048    921
20127049    922
20127050    923
20127051    924
20127052    925
20127053    926
20127055    927
20127056    928
20127057    929
20127058    930
20127059    931
20127060    932
20127061    933
20127062    934
20127065    935
20127066    936
20127067    937
20127069    938
20127070    939
20127071    940
20127072    941
20127073    942
20127074    943
20127076    944
20127077    945
20128001    946
20128002    947
20128003    948
20128004    949
20128006    950
20128007    951
20128008    952
20128009    953
20128010    954
20128011    955
20128013    956
20128014    957
20128015    958
20128016    959
20128017    960
20128020    961
20128043    962
20128044    963
20128045    964
20128046    965
20128047    966
20128048    967
20128049    968
20128050    969
20128051    970
20128052    971
20128053    972
20129001    973
20129002    974
20129003    975
20129004    976
20129005    977
20129006    978
20129007    979
20129008    980
20129009    981
20129010    982
20129011    983
20129012    984
20129013    985
20130001    986
20130003    987
20130005    988
20130006    989
20130007    990
20130008    991
20130009    992
20130011    993
20130012    994
20130013    995
20130014    996
20130015    997
20130016    998
20130017    999
20130018    1000
20130040    1001
20131001    1002
20131002    1003
20131003    1004
20131004    1005
20131005    1006
20131006    1007
20131007    1008
20131008    1009
20131009    1010
20131010    1011
20131011    1012
20131012    1013
20131013    1014
20131014    1015
20131015    1016
20131016    1017
20131017    1018
20131019    1019
20131020    1020
20131022    1021
20131023    1022
20131025    1023
20131026    1024
20131027    1025
20131028    1026
20131029    1027
20131030    1028
20131031    1029
20131033    1030
20131034    1031
20131037    1032
20131038    1033
20131039    1034
20131040    1035
20131041    1036
20131042    1037
20131043    1038
20131044    1039
20131045    1040
20131046    1041
20131047    1042
20132001    1043
20132002    1044
20132003    1045
20132004    1046
20132005    1047
20132006    1048
20132007    1049
20132008    1050
20132009    1051
20132010    1052
20132011    1053
20132012    1054
20132013    1055
20132014    1056
20132015    1057
20132016    1058
20132017    1059
20132018    1060
20132019    1061
20132020    1062
20132021    1063
20132023    1064
20132024    1065
20132025    1066
20132026    1067
20132028    1068
20132029    1069
20132030    1070
20132033    1071
20132034    1072
20132035    1073
20132036    1074
20132037    1075
20132038    1076
20132039    1077
20132040    1078
20132043    1079
20132044    1080
20132047    1081
20132048    1082
20132049    1083
20132050    1084
20132053    1085
20132054    1086
20132056    1087
20132057    1088
20132058    1089
20132059    1090
20133001    1091
20133002    1092
20133003    1093
20133004    1094
20133005    1095
20133006    1096
20133007    1097
20133008    1098
20133009    1099
20133010    1100
20133011    1101
20133012    1102
20133014    1103
20133015    1104
20133016    1105
20133017    1106
20133018    1107
20133019    1108
20133020    1109
20133021    1110
20134001    1111
20134002    1112
20134007    1113
20134008    1114
20134009    1115
20134010    1116
20134011    1117
20134012    1118
20134013    1119
20134014    1120
20134018    1121
20134019    1122
20134020    1123
20134021    1124
20134024    1125
20134025    1126
20134026    1127
20134030    1128
20134034    1129
20134035    1130
20134036    1131
20134037    1132
20134038    1133
20134039    1134
20134040    1135
20134042    1136
20134043    1137
20134044    1138
20134045    1139
20134046    1140
20134047    1141
20134048    1142
20134049    1143
20134050    1144
20134051    1145
20134052    1146
20134053    1147
20134054    1148
20134055    1149
20134056    1150
20135001    1151
20135002    1152
20135003    1153
20135004    1154
20135005    1155
20135006    1156
20135007    1157
20135008    1158
20135009    1159
20135010    1160
20135011    1161
20135012    1162
20136001    1163
20136002    1164
20136003    1165
20136004    1166
20136005    1167
20136006    1168
20136007    1169
20136008    1170
20136009    1171
20136012    1172
20137002    1173
20137003    1174
20137004    1175
20137005    1176
20137006    1177
20137007    1178
20137008    1179
20137009    1180
20137010    1181
20137011    1182
20137012    1183
20137013    1184
20137015    1185
20137017    1186
20137044    1187
20137045    1188
20138001    1189
20138002    1190
20138003    1191
20138004    1192
20138005    1193
20138006    1194
20138007    1195
20138008    1196
20138009    1197
20138010    1198
20138013    1199
20138015    1200
20138016    1201
20138017    1202
20138018    1203
20138025    1204
20138027    1205
20138029    1206
20138030    1207
20138033    1208
20138034    1209
20138035    1210
20138036    1211
20138037    1212
20138038    1213
20138039    1214
20138040    1215
20138042    1216
20138043    1217
20139001    1218
20139002    1219
20139004    1220
20139006    1221
20139007    1222
20139008    1223
20139009    1224
20139010    1225
20139011    1226
20139015    1227
20139018    1228
20139019    1229
20139021    1230
20139022    1231
20139024    1232
20139025    1233
20139026    1234
20139027    1235
20139028    1236
20139029    1237
20139032    1238
20139033    1239
20139034    1240
20139035    1241
20139036    1242
20139037    1243
20140001    1244
20140002    1245
20140003    1246
20140004    1247
20140005    1248
20140007    1249
20141002    1250
20141003    1251
20141004    1252
20141005    1253
20141006    1254
20141007    1255
20141008    1256
20141009    1257
20141010    1258
20141011    1259
20141012    1260
20141013    1261
20141014    1262
20141016    1263
20141017    1264
20141019    1265
20141020    1266
20141024    1267
20141025    1268
20141026    1269
20141028    1270
20141029    1271
20141031    1272
20141032    1273
20141033    1274
20142001    1275
20142002    1276
20142005    1277
20142006    1278
20142007    1279
20142008    1280
20142054    1281
20142055    1282
20142057    1283
20142059    1284
20142061    1285
20142063    1286
20143001    1287
20143003    1288
20143004    1289
20143006    1290
20143007    1291
20143009    1292
20143010    1293
20144003    1294
20144004    1295
20144005    1296
20144007    1297
20144008    1298
20144009    1299
20144010    1300
20144011    1301
20144012    1302
20144038    1303
20145004    1304
20145005    1305
20145006    1306
20145007    1307
20145011    1308
20145020    1309
20145021    1310
20145022    1311
20145024    1312
20145026    1313
20145027    1314
20145028    1315
20145029    1316
20145030    1317
20145033    1318
20145038    1319
20145039    1320
20145040    1321
20145041    1322
20145042    1323
20146003    1324
20146004    1325
20146009    1326
20146010    1327
20146011    1328
20146012    1329
20146013    1330
20146014    1331
20146015    1332
20146016    1333
20146017    1334
20146018    1335
20146019    1336
20146020    1337
20146021    1338
20146022    1339
20146023    1340
20146024    1341
20146025    1342
20146026    1343
20146029    1344
20146030    1345
20147001    1346
20147002    1347
20147003    1348
20147004    1349
20147005    1350
20147006    1351
20147007    1352
20147008    1353
20147012    1354
20147013    1355
20147014    1356
20147016    1357
20147017    1358
20147018    1359
20147019    1360
20147021    1361
20147022    1362
20147028    1363
20147029    1364
20147030    1365
20147031    1366
20147032    1367
20148001    1368
20148002    1369
20148003    1370
20148004    1371
20148005    1372
20148007    1373
20148008    1374
20148009    1375
20148010    1376
20148011    1377
20148012    1378
20148013    1379
20148014    1380
20148015    1381
20148016    1382
20148017    1383
20148018    1384
20148021    1385
20148022    1386
20148023    1387
20148024    1388
20148025    1389
20148026    1390
20148027    1391
20148031    1392
20148032    1393
20149001    1394
20149002    1395
20149004    1396
20149005    1397
20149006    1398
20149007    1399
20149009    1400
20149010    1401
20150001    1402
20150003    1403
20150004    1404
20150005    1405
20150006    1406
20150008    1407
20150009    1408
20150029    1409
20151002    1410
20151003    1411
20151004    1412
20151006    1413
20151007    1414
20151008    1415
20151012    1416
20152001    1417
20152003    1418
20152004    1419
20152005    1420
20152010    1421
20152011    1422
20152012    1423
20152016    1424
20152017    1425
20152018    1426
20152019    1427
20152021    1428
20152022    1429
20152023    1430
20152026    1431
20152028    1432
20152029    1433
20152030    1434
20152032    1435
20152034    1436
20152035    1437
20152036    1438
20153002    1439
20153003    1440
20153004    1441
20153005    1442
20153007    1443
20153009    1444
20153010    1445
20153011    1446
20153013    1447
20153014    1448
20153015    1449
20153016    1450
20153018    1451
20153019    1452
20153020    1453
20153024    1454
20153025    1455
20153027    1456
20153028    1457
20153031    1458
20153032    1459
20153035    1460
20153036    1461
20153038    1462
20154001    1463
20154002    1464
20154003    1465
20154008    1466
20154009    1467
20154010    1468
20154013    1469
