20057007
20057025
20057026
20057050
20058001
20058002
20058003
20058004
20058005
20060012 
20060022
20060025
20060060
20060061
20060062
20062010
20062011
20062012
20062036
20063011 
20063034
20063035
20063036
20063039
20064008
20064009
20064011
20064012
20064040
20065018
20067014
20067023
20067024
20067029
20067030
20067045
20067046
20069030
20069032
20069054
20070042
20070043
20070044
20070047
20071001
20071004
20071005
20071006
20071027
20071037
20072034
20072035
20072036
20072039
20072041
20072045
20072047
20073071
20073072
20073076
20074001
20074003
20074004
20074005
20074007
20074008
20074009
20074012
20074014
20074017
20074018
20074020
20074021
20074026
20074027
20074029
20074032
20074033
20074034
20074044
20074045
20075001
20075002
20075006
20075007
20075009
20075011
20075013
20081002
20081014
20082060
20082065
20083024
20086012
20087007
20089008
20090024
20091011
20092054
